1.000000e-04 3.489102e-07
1.100000e-03 4.434679e-03
2.100000e-03 5.169593e-02
3.100000e-03 2.170177e-01
4.100000e-03 5.901656e-01
5.100000e-03 1.260970e+00
6.100000e-03 2.309176e+00
7.100000e-03 3.809355e+00
8.100000e-03 5.809962e+00
9.100000e-03 8.351708e+00
1.010000e-02 1.145854e+01
1.110000e-02 1.514088e+01
1.210000e-02 1.939618e+01
1.310000e-02 2.421401e+01
1.410000e-02 2.957147e+01
1.510000e-02 3.544120e+01
1.610000e-02 4.178981e+01
1.710000e-02 4.857979e+01
1.810000e-02 5.576520e+01
1.910000e-02 6.332404e+01
2.010000e-02 7.119606e+01
2.110000e-02 7.934753e+01
2.210000e-02 8.773941e+01
2.310000e-02 9.633431e+01
2.410000e-02 1.050975e+02
2.510000e-02 1.139977e+02
2.610000e-02 1.230064e+02
2.710000e-02 1.320978e+02
2.810000e-02 1.412467e+02
2.910000e-02 1.504403e+02
3.010000e-02 1.596555e+02
3.110000e-02 1.688811e+02
3.210000e-02 1.781056e+02
3.310000e-02 1.873200e+02
3.410000e-02 1.965173e+02
3.510000e-02 2.056905e+02
3.610000e-02 2.148425e+02
3.710000e-02 2.239648e+02
3.810000e-02 2.330582e+02
3.910000e-02 2.421224e+02
4.010000e-02 2.511553e+02
4.110000e-02 2.601637e+02
4.210000e-02 2.691418e+02
4.310000e-02 2.780922e+02
4.410000e-02 2.870154e+02
4.510000e-02 2.959093e+02
4.610000e-02 3.047796e+02
4.710000e-02 3.136193e+02
4.810000e-02 3.224289e+02
4.910000e-02 3.312061e+02
5.010000e-02 3.399462e+02
5.110000e-02 3.483066e+02
5.210000e-02 3.573118e+02
5.310000e-02 3.659238e+02
5.410000e-02 3.744841e+02
5.510000e-02 3.829830e+02
5.610000e-02 3.914203e+02
5.710000e-02 3.997833e+02
5.810000e-02 4.080680e+02
5.910000e-02 4.162672e+02
6.010000e-02 4.243708e+02
6.110000e-02 4.323607e+02
6.210000e-02 4.402721e+02
6.310000e-02 4.480536e+02
6.410000e-02 4.557117e+02
6.510000e-02 4.632392e+02
6.610000e-02 4.706344e+02
6.710000e-02 4.778827e+02
6.810000e-02 4.849878e+02
6.910000e-02 4.919373e+02
7.010000e-02 4.987313e+02
7.110000e-02 5.053648e+02
7.210000e-02 5.118331e+02
7.310000e-02 5.181377e+02
7.410000e-02 5.242718e+02
7.510000e-02 5.302403e+02
7.610000e-02 5.360375e+02
7.710000e-02 5.416690e+02
7.810000e-02 5.471317e+02
7.910000e-02 5.524315e+02
8.010000e-02 5.575675e+02
8.110000e-02 5.625458e+02
8.210000e-02 5.673676e+02
8.310000e-02 5.720391e+02
8.410000e-02 5.765633e+02
8.510000e-02 5.809462e+02
8.610000e-02 5.851925e+02
8.710000e-02 5.893077e+02
8.810000e-02 5.932977e+02
8.910000e-02 5.971681e+02
9.010000e-02 6.009248e+02
9.110000e-02 6.045737e+02
9.210000e-02 6.081206e+02
9.310000e-02 6.115713e+02
9.410000e-02 6.149313e+02
9.510000e-02 6.182061e+02
9.610000e-02 6.214010e+02
9.710000e-02 6.245208e+02
9.810000e-02 6.275703e+02
9.910000e-02 6.305539e+02
1.001000e-01 6.334756e+02
1.011000e-01 6.363390e+02
1.021000e-01 6.391476e+02
1.031000e-01 6.419041e+02
1.041000e-01 6.446112e+02
1.051000e-01 6.472709e+02
1.061000e-01 6.498850e+02
1.071000e-01 6.524550e+02
1.081000e-01 6.549818e+02
1.091000e-01 6.574660e+02
1.101000e-01 6.598978e+02
1.111000e-01 6.623077e+02
1.121000e-01 6.646649e+02
1.131000e-01 6.669791e+02
1.141000e-01 6.692495e+02
1.151000e-01 6.714653e+02
1.161000e-01 6.736546e+02
1.171000e-01 6.757867e+02
1.181000e-01 6.778704e+02
1.191000e-01 6.799035e+02
1.201000e-01 6.818762e+02
1.211000e-01 6.838135e+02
1.221000e-01 6.856873e+02
1.231000e-01 6.875045e+02
1.241000e-01 6.892641e+02
1.251000e-01 6.909564e+02
1.261000e-01 6.926047e+02
1.271000e-01 6.941837e+02
1.281000e-01 6.956999e+02
1.291000e-01 6.971534e+02
1.301000e-01 6.985360e+02
1.311000e-01 6.998681e+02
1.321000e-01 7.011289e+02
1.331000e-01 7.023250e+02
1.341000e-01 7.034573e+02
1.351000e-01 7.045207e+02
1.361000e-01 7.055296e+02
1.371000e-01 7.064713e+02
1.381000e-01 7.073511e+02
1.391000e-01 7.081650e+02
1.401000e-01 7.089301e+02
1.411000e-01 7.096321e+02
1.421000e-01 7.102773e+02
1.431000e-01 7.108679e+02
1.441000e-01 7.114024e+02
1.451000e-01 7.118925e+02
1.461000e-01 7.123305e+02
1.471000e-01 7.127215e+02
1.481000e-01 7.130643e+02
1.491000e-01 7.133716e+02
1.501000e-01 7.136347e+02
1.511000e-01 7.138601e+02
1.521000e-01 7.140469e+02
1.531000e-01 7.142045e+02
1.541000e-01 7.143291e+02
1.551000e-01 7.144233e+02
1.561000e-01 7.144884e+02
1.571000e-01 7.145308e+02
1.581000e-01 7.145486e+02
1.591000e-01 7.145438e+02
1.601000e-01 7.145171e+02
1.611000e-01 7.144737e+02
1.621000e-01 7.144116e+02
1.631000e-01 7.143332e+02
1.641000e-01 7.142375e+02
1.651000e-01 7.141299e+02
1.661000e-01 7.140081e+02
1.671000e-01 7.138712e+02
1.681000e-01 7.137229e+02
1.691000e-01 7.135639e+02
1.701000e-01 7.133919e+02
1.711000e-01 7.132078e+02
1.721000e-01 7.130136e+02
1.731000e-01 7.128075e+02
1.741000e-01 7.125891e+02
1.751000e-01 7.123597e+02
1.761000e-01 7.121184e+02
1.771000e-01 7.118642e+02
1.781000e-01 7.115978e+02
1.791000e-01 7.113182e+02
1.801000e-01 7.110249e+02
1.811000e-01 7.107176e+02
1.821000e-01 7.103958e+02
1.831000e-01 7.100589e+02
1.841000e-01 7.097064e+02
1.851000e-01 7.093378e+02
1.861000e-01 7.089526e+02
1.871000e-01 7.085503e+02
1.881000e-01 7.081304e+02
1.891000e-01 7.076926e+02
1.901000e-01 7.072365e+02
1.911000e-01 7.067618e+02
1.921000e-01 7.062683e+02
1.931000e-01 7.057557e+02
1.941000e-01 7.052239e+02
1.951000e-01 7.046729e+02
1.961000e-01 7.041025e+02
1.971000e-01 7.035128e+02
1.981000e-01 7.029041e+02
1.991000e-01 7.022764e+02
2.001000e-01 7.016300e+02
2.011000e-01 7.009049e+02
2.021000e-01 7.002825e+02
2.031000e-01 6.995822e+02
2.041000e-01 6.988647e+02
2.051000e-01 6.981306e+02
2.061000e-01 6.973804e+02
2.071000e-01 6.966148e+02
2.081000e-01 6.958344e+02
2.091000e-01 6.950398e+02
2.101000e-01 6.942318e+02
2.111000e-01 6.933565e+02
2.121000e-01 6.925782e+02
2.131000e-01 6.917340e+02
2.141000e-01 6.908794e+02
2.151000e-01 6.900147e+02
2.161000e-01 6.891408e+02
2.171000e-01 6.882585e+02
2.181000e-01 6.873683e+02
2.191000e-01 6.864707e+02
2.201000e-01 6.855667e+02
2.211000e-01 6.846085e+02
2.221000e-01 6.837412e+02
2.231000e-01 6.828208e+02
2.241000e-01 6.818965e+02
2.251000e-01 6.809681e+02
2.261000e-01 6.800358e+02
2.271000e-01 6.791007e+02
2.281000e-01 6.781631e+02
2.291000e-01 6.772224e+02
2.301000e-01 6.762792e+02
2.311000e-01 6.753345e+02
2.321000e-01 6.743881e+02
2.331000e-01 6.734393e+02
2.341000e-01 6.724886e+02
2.351000e-01 6.715370e+02
2.361000e-01 6.705840e+02
2.371000e-01 6.696288e+02
2.381000e-01 6.686717e+02
2.391000e-01 6.677135e+02
2.401000e-01 6.667539e+02
2.411000e-01 6.657918e+02
2.421000e-01 6.648270e+02
2.431000e-01 6.638607e+02
2.441000e-01 6.628925e+02
2.451000e-01 6.619214e+02
2.461000e-01 6.609475e+02
2.471000e-01 6.599704e+02
2.481000e-01 6.589913e+02
2.491000e-01 6.580084e+02
2.501000e-01 6.569846e+02
2.511000e-01 6.560319e+02
2.521000e-01 6.550386e+02
2.531000e-01 6.540419e+02
2.541000e-01 6.530409e+02
2.551000e-01 6.520357e+02
2.561000e-01 6.510259e+02
2.571000e-01 6.500130e+02
2.581000e-01 6.489956e+02
2.591000e-01 6.479737e+02
2.601000e-01 6.469160e+02
2.611000e-01 6.459163e+02
2.621000e-01 6.448824e+02
2.631000e-01 6.438435e+02
2.641000e-01 6.428006e+02
2.651000e-01 6.417531e+02
2.661000e-01 6.407021e+02
2.671000e-01 6.396481e+02
2.681000e-01 6.385897e+02
2.691000e-01 6.374993e+02
2.701000e-01 6.364620e+02
2.711000e-01 6.353936e+02
2.721000e-01 6.343229e+02
2.731000e-01 6.332488e+02
2.741000e-01 6.321721e+02
2.751000e-01 6.310925e+02
2.761000e-01 6.300115e+02
2.771000e-01 6.289291e+02
2.781000e-01 6.278444e+02
2.791000e-01 6.267582e+02
2.801000e-01 6.256702e+02
2.811000e-01 6.245820e+02
2.821000e-01 6.234932e+02
2.831000e-01 6.224034e+02
2.841000e-01 6.213132e+02
2.851000e-01 6.202222e+02
2.861000e-01 6.191319e+02
2.871000e-01 6.180421e+02
2.881000e-01 6.169522e+02
2.891000e-01 6.158627e+02
2.901000e-01 6.147734e+02
2.911000e-01 6.136854e+02
2.921000e-01 6.125985e+02
2.931000e-01 6.115122e+02
2.941000e-01 6.104270e+02
2.951000e-01 6.093424e+02
2.961000e-01 6.082443e+02
2.971000e-01 6.071781e+02
2.981000e-01 6.060977e+02
2.991000e-01 6.050185e+02
3.001000e-01 6.039402e+02
3.011000e-01 6.028637e+02
3.021000e-01 6.017888e+02
3.031000e-01 6.007147e+02
3.041000e-01 5.996420e+02
3.051000e-01 5.985701e+02
3.061000e-01 5.974997e+02
3.071000e-01 5.964308e+02
3.081000e-01 5.953627e+02
3.091000e-01 5.942957e+02
3.101000e-01 5.932294e+02
3.111000e-01 5.921643e+02
3.121000e-01 5.911003e+02
3.131000e-01 5.900279e+02
3.141000e-01 5.889743e+02
3.151000e-01 5.879121e+02
3.161000e-01 5.868509e+02
3.171000e-01 5.857905e+02
3.181000e-01 5.847304e+02
3.191000e-01 5.836709e+02
3.201000e-01 5.826116e+02
3.211000e-01 5.815531e+02
3.221000e-01 5.804951e+02
3.231000e-01 5.794374e+02
3.241000e-01 5.783801e+02
3.251000e-01 5.773230e+02
3.261000e-01 5.762666e+02
3.271000e-01 5.752105e+02
3.281000e-01 5.741498e+02
3.291000e-01 5.730994e+02
3.301000e-01 5.720445e+02
3.311000e-01 5.709902e+02
3.321000e-01 5.699363e+02
3.331000e-01 5.688830e+02
3.341000e-01 5.678302e+02
3.351000e-01 5.667750e+02
3.361000e-01 5.657268e+02
3.371000e-01 5.646763e+02
3.381000e-01 5.636264e+02
3.391000e-01 5.625774e+02
3.401000e-01 5.615295e+02
3.411000e-01 5.604826e+02
3.421000e-01 5.594346e+02
3.431000e-01 5.583904e+02
3.441000e-01 5.573483e+02
3.451000e-01 5.563060e+02
3.461000e-01 5.552651e+02
3.471000e-01 5.542255e+02
3.481000e-01 5.531864e+02
3.491000e-01 5.521497e+02
3.501000e-01 5.511159e+02
3.511000e-01 5.500826e+02
3.521000e-01 5.490509e+02
3.531000e-01 5.480210e+02
3.541000e-01 5.469929e+02
3.551000e-01 5.459658e+02
3.561000e-01 5.449417e+02
3.571000e-01 5.439195e+02
3.581000e-01 5.428988e+02
3.591000e-01 5.418800e+02
3.601000e-01 5.408630e+02
3.611000e-01 5.398483e+02
3.621000e-01 5.388359e+02
3.631000e-01 5.378252e+02
3.641000e-01 5.368165e+02
3.651000e-01 5.358096e+02
3.661000e-01 5.348049e+02
3.671000e-01 5.338023e+02
3.681000e-01 5.328018e+02
3.691000e-01 5.318032e+02
3.701000e-01 5.308065e+02
3.711000e-01 5.298118e+02
3.721000e-01 5.288192e+02
3.731000e-01 5.278285e+02
3.741000e-01 5.268397e+02
3.751000e-01 5.258529e+02
3.761000e-01 5.248680e+02
3.771000e-01 5.238849e+02
3.781000e-01 5.229037e+02
3.791000e-01 5.219243e+02
3.801000e-01 5.209467e+02
3.811000e-01 5.199709e+02
3.821000e-01 5.189969e+02
3.831000e-01 5.180247e+02
3.841000e-01 5.170542e+02
3.851000e-01 5.160855e+02
3.861000e-01 5.151184e+02
3.871000e-01 5.141531e+02
3.881000e-01 5.131894e+02
3.891000e-01 5.122275e+02
3.901000e-01 5.112672e+02
3.911000e-01 5.103086e+02
3.921000e-01 5.093517e+02
3.931000e-01 5.083965e+02
3.941000e-01 5.074429e+02
3.951000e-01 5.064910e+02
3.961000e-01 5.055409e+02
3.971000e-01 5.045924e+02
3.981000e-01 5.036456e+02
3.991000e-01 5.027005e+02
4.001000e-01 5.017571e+02
4.011000e-01 5.008154e+02
4.021000e-01 4.998755e+02
4.031000e-01 4.989373e+02
4.041000e-01 4.980009e+02
4.051000e-01 4.970662e+02
4.061000e-01 4.961333e+02
4.071000e-01 4.952023e+02
4.081000e-01 4.942731e+02
4.091000e-01 4.933458e+02
4.101000e-01 4.924203e+02
4.111000e-01 4.914967e+02
4.121000e-01 4.905750e+02
4.131000e-01 4.896552e+02
4.141000e-01 4.887374e+02
4.151000e-01 4.878214e+02
4.161000e-01 4.869075e+02
4.171000e-01 4.859955e+02
4.181000e-01 4.850855e+02
4.191000e-01 4.841775e+02
4.201000e-01 4.832714e+02
4.211000e-01 4.823674e+02
4.221000e-01 4.814655e+02
4.231000e-01 4.805656e+02
4.241000e-01 4.796677e+02
4.251000e-01 4.787718e+02
4.261000e-01 4.778779e+02
4.271000e-01 4.769862e+02
4.281000e-01 4.760966e+02
4.291000e-01 4.752089e+02
4.301000e-01 4.743232e+02
4.311000e-01 4.734397e+02
4.321000e-01 4.725579e+02
4.331000e-01 4.716784e+02
4.341000e-01 4.708011e+02
4.351000e-01 4.699256e+02
4.361000e-01 4.690521e+02
4.371000e-01 4.681807e+02
4.381000e-01 4.673110e+02
4.391000e-01 4.664434e+02
4.401000e-01 4.655783e+02
4.411000e-01 4.647149e+02
4.421000e-01 4.638534e+02
4.431000e-01 4.629938e+02
4.441000e-01 4.621362e+02
4.451000e-01 4.612801e+02
4.461000e-01 4.604263e+02
4.471000e-01 4.595751e+02
4.481000e-01 4.587252e+02
4.491000e-01 4.578772e+02
4.501000e-01 4.570311e+02
4.511000e-01 4.561869e+02
4.521000e-01 4.553446e+02
4.531000e-01 4.545034e+02
4.541000e-01 4.536655e+02
4.551000e-01 4.528288e+02
4.561000e-01 4.519939e+02
4.571000e-01 4.511609e+02
4.581000e-01 4.503297e+02
4.591000e-01 4.495004e+02
4.601000e-01 4.486720e+02
4.611000e-01 4.478462e+02
4.621000e-01 4.470233e+02
4.631000e-01 4.462013e+02
4.641000e-01 4.453811e+02
4.651000e-01 4.445627e+02
4.661000e-01 4.437462e+02
4.671000e-01 4.429315e+02
4.681000e-01 4.421175e+02
4.691000e-01 4.413064e+02
4.701000e-01 4.404984e+02
4.711000e-01 4.396910e+02
4.721000e-01 4.388854e+02
4.731000e-01 4.380817e+02
4.741000e-01 4.372798e+02
4.751000e-01 4.364797e+02
4.761000e-01 4.356815e+02
4.771000e-01 4.348836e+02
4.781000e-01 4.340906e+02
4.791000e-01 4.332979e+02
4.801000e-01 4.325070e+02
4.811000e-01 4.317180e+02
4.821000e-01 4.309309e+02
4.831000e-01 4.301456e+02
4.841000e-01 4.293621e+02
4.851000e-01 4.285788e+02
4.861000e-01 4.278008e+02
4.871000e-01 4.270228e+02
4.881000e-01 4.262468e+02
4.891000e-01 4.254726e+02
4.901000e-01 4.247002e+02
4.911000e-01 4.239296e+02
4.921000e-01 4.231610e+02
4.931000e-01 4.223941e+02
4.941000e-01 4.216271e+02
4.951000e-01 4.208659e+02
4.961000e-01 4.201045e+02
4.971000e-01 4.109335e+02
4.981000e-01 4.185873e+02
4.991000e-01 4.178314e+02
5.001000e-01 4.170773e+02
5.011000e-01 4.163251e+02
5.021000e-01 4.155746e+02
5.031000e-01 4.148239e+02
5.041000e-01 4.140791e+02
5.051000e-01 4.133341e+02
5.061000e-01 4.125908e+02
5.071000e-01 4.118493e+02
5.081000e-01 4.111096e+02
5.091000e-01 4.103716e+02
5.101000e-01 4.096354e+02
5.111000e-01 4.089010e+02
5.121000e-01 4.081661e+02
5.131000e-01 4.074373e+02
5.141000e-01 4.067081e+02
5.151000e-01 4.059807e+02
5.161000e-01 4.052549e+02
5.171000e-01 4.045309e+02
5.181000e-01 4.038086e+02
5.191000e-01 4.030879e+02
5.201000e-01 4.023690e+02
5.211000e-01 4.016518e+02
5.221000e-01 4.009341e+02
5.231000e-01 4.002225e+02
5.241000e-01 3.995104e+02
5.251000e-01 3.988000e+02
5.261000e-01 3.980912e+02
5.271000e-01 3.973841e+02
5.281000e-01 3.966787e+02
5.291000e-01 3.959749e+02
5.301000e-01 3.952728e+02
5.311000e-01 3.945701e+02
5.321000e-01 3.938736e+02
5.331000e-01 3.931765e+02
5.341000e-01 3.924810e+02
5.351000e-01 3.917872e+02
5.361000e-01 3.910950e+02
5.371000e-01 3.904045e+02
5.381000e-01 3.897156e+02
5.391000e-01 3.890283e+02
5.401000e-01 3.883427e+02
5.411000e-01 3.876563e+02
5.421000e-01 3.869763e+02
5.431000e-01 3.862956e+02
5.441000e-01 3.856164e+02
5.451000e-01 3.849389e+02
5.461000e-01 3.842630e+02
5.471000e-01 3.835888e+02
5.481000e-01 3.829161e+02
5.491000e-01 3.822451e+02
5.501000e-01 3.815756e+02
5.511000e-01 3.809055e+02
5.521000e-01 3.802416e+02
5.531000e-01 3.795769e+02
5.541000e-01 3.789139e+02
5.551000e-01 3.782525e+02
5.561000e-01 3.775926e+02
5.571000e-01 3.769343e+02
5.581000e-01 3.762776e+02
5.591000e-01 3.756225e+02
5.601000e-01 3.749690e+02
5.611000e-01 3.743149e+02
5.621000e-01 3.736666e+02
5.631000e-01 3.730178e+02
5.641000e-01 3.723705e+02
5.651000e-01 3.717248e+02
5.661000e-01 3.710807e+02
5.671000e-01 3.704380e+02
5.681000e-01 3.697970e+02
5.691000e-01 3.691574e+02
5.701000e-01 3.685194e+02
5.711000e-01 3.678809e+02
5.721000e-01 3.672480e+02
5.731000e-01 3.666146e+02
5.741000e-01 3.659826e+02
5.751000e-01 3.653522e+02
5.761000e-01 3.647233e+02
5.771000e-01 3.640959e+02
5.781000e-01 3.634700e+02
5.791000e-01 3.628456e+02
5.801000e-01 3.622226e+02
5.811000e-01 3.615994e+02
5.821000e-01 3.609812e+02
5.831000e-01 3.603627e+02
5.841000e-01 3.597457e+02
5.851000e-01 3.591302e+02
5.861000e-01 3.585161e+02
5.871000e-01 3.579034e+02
5.881000e-01 3.572922e+02
5.891000e-01 3.566825e+02
5.901000e-01 3.560742e+02
5.911000e-01 3.554657e+02
5.921000e-01 3.548620e+02
5.931000e-01 3.542580e+02
5.941000e-01 3.536554e+02
5.951000e-01 3.530543e+02
5.961000e-01 3.524546e+02
5.971000e-01 3.518563e+02
5.981000e-01 3.512594e+02
5.991000e-01 3.506640e+02
6.001000e-01 3.500699e+02
6.011000e-01 3.494758e+02
6.021000e-01 3.488860e+02
6.031000e-01 3.482961e+02
6.041000e-01 3.477076e+02
6.051000e-01 3.471205e+02
6.061000e-01 3.465348e+02
6.071000e-01 3.459505e+02
6.081000e-01 3.453676e+02
6.091000e-01 3.447860e+02
6.101000e-01 3.442058e+02
6.111000e-01 3.436258e+02
6.121000e-01 3.430495e+02
6.131000e-01 3.424734e+02
6.141000e-01 3.418987e+02
6.151000e-01 3.413253e+02
6.161000e-01 3.407532e+02
6.171000e-01 3.401826e+02
6.181000e-01 3.396132e+02
6.191000e-01 3.390452e+02
6.201000e-01 3.384785e+02
6.211000e-01 3.379122e+02
6.221000e-01 3.373492e+02
6.231000e-01 3.367865e+02
6.241000e-01 3.362251e+02
6.251000e-01 3.356651e+02
6.261000e-01 3.351064e+02
6.271000e-01 3.345490e+02
6.281000e-01 3.339929e+02
6.291000e-01 3.334381e+02
6.301000e-01 3.328846e+02
6.311000e-01 3.323316e+02
6.321000e-01 3.317815e+02
6.331000e-01 3.312319e+02
6.341000e-01 3.306836e+02
6.351000e-01 3.301366e+02
6.361000e-01 3.295909e+02
6.371000e-01 3.290464e+02
6.381000e-01 3.285032e+02
6.391000e-01 3.279613e+02
6.401000e-01 3.274206e+02
6.411000e-01 3.268806e+02
6.421000e-01 3.263431e+02
6.431000e-01 3.258063e+02
6.441000e-01 3.252707e+02
6.451000e-01 3.247363e+02
6.461000e-01 3.242032e+02
6.471000e-01 3.236713e+02
6.481000e-01 3.231407e+02
6.491000e-01 3.226113e+02
6.501000e-01 3.220827e+02
6.511000e-01 3.215562e+02
6.521000e-01 3.210305e+02
6.531000e-01 3.205060e+02
6.541000e-01 3.199828e+02
6.551000e-01 3.194608e+02
6.561000e-01 3.189399e+02
6.571000e-01 3.184203e+02
6.581000e-01 3.179019e+02
6.591000e-01 3.173847e+02
6.601000e-01 3.168684e+02
6.611000e-01 3.163540e+02
6.621000e-01 3.158404e+02
6.631000e-01 3.153280e+02
6.641000e-01 3.148168e+02
6.651000e-01 3.143067e+02
6.661000e-01 3.137979e+02
6.671000e-01 3.132903e+02
6.681000e-01 3.127838e+02
6.691000e-01 3.122782e+02
6.701000e-01 3.117743e+02
6.711000e-01 3.112628e+02
6.721000e-01 3.107696e+02
6.731000e-01 3.102690e+02
6.741000e-01 3.097695e+02
6.751000e-01 3.092712e+02
6.761000e-01 3.087740e+02
6.771000e-01 3.082780e+02
6.781000e-01 3.077830e+02
6.791000e-01 3.072894e+02
6.801000e-01 3.067968e+02
6.811000e-01 3.063054e+02
6.821000e-01 3.058151e+02
6.831000e-01 3.053259e+02
6.841000e-01 3.048378e+02
6.851000e-01 3.043509e+02
6.861000e-01 3.038650e+02
6.871000e-01 3.033802e+02
6.881000e-01 3.028967e+02
6.891000e-01 3.024143e+02
6.901000e-01 3.019329e+02
6.911000e-01 3.014526e+02
6.921000e-01 3.009734e+02
6.931000e-01 3.004953e+02
6.941000e-01 2.982163e+02
6.951000e-01 2.995423e+02
6.961000e-01 2.990675e+02
6.971000e-01 2.985938e+02
6.981000e-01 2.981211e+02
6.991000e-01 2.976495e+02
7.001000e-01 2.971790e+02
7.011000e-01 2.967095e+02
7.021000e-01 2.962411e+02
7.031000e-01 2.957737e+02
7.041000e-01 2.953074e+02
7.051000e-01 2.948422e+02
7.061000e-01 2.943780e+02
7.071000e-01 2.939149e+02
7.081000e-01 2.934528e+02
7.091000e-01 2.929917e+02
7.101000e-01 2.925302e+02
7.111000e-01 2.920726e+02
7.121000e-01 2.916147e+02
7.131000e-01 2.911578e+02
7.141000e-01 2.907019e+02
7.151000e-01 2.902470e+02
7.161000e-01 2.897931e+02
7.171000e-01 2.893403e+02
7.181000e-01 2.888884e+02
7.191000e-01 2.884376e+02
7.201000e-01 2.879878e+02
7.211000e-01 2.875384e+02
7.221000e-01 2.870913e+02
7.231000e-01 2.866445e+02
7.241000e-01 2.861987e+02
7.251000e-01 2.857539e+02
7.261000e-01 2.853101e+02
7.271000e-01 2.848674e+02
7.281000e-01 2.844256e+02
7.291000e-01 2.839848e+02
7.301000e-01 2.835450e+02
7.311000e-01 2.831061e+02
7.321000e-01 2.826681e+02
7.331000e-01 2.822314e+02
7.341000e-01 2.817956e+02
7.351000e-01 2.813607e+02
7.361000e-01 2.809267e+02
7.371000e-01 2.804938e+02
7.381000e-01 2.800618e+02
7.391000e-01 2.796308e+02
7.401000e-01 2.792007e+02
7.411000e-01 2.787716e+02
7.421000e-01 2.783435e+02
7.431000e-01 2.779164e+02
7.441000e-01 2.774902e+02
7.451000e-01 2.770649e+02
7.461000e-01 2.766406e+02
7.471000e-01 2.762173e+02
7.481000e-01 2.757949e+02
7.491000e-01 2.753734e+02
7.501000e-01 2.749529e+02
7.511000e-01 2.745333e+02
7.521000e-01 2.741147e+02
7.531000e-01 2.736969e+02
7.541000e-01 2.732802e+02
7.551000e-01 2.728643e+02
7.561000e-01 2.724493e+02
7.571000e-01 2.720353e+02
7.581000e-01 2.716222e+02
7.591000e-01 2.712100e+02
7.601000e-01 2.707988e+02
7.611000e-01 2.703884e+02
7.621000e-01 2.699789e+02
7.631000e-01 2.695704e+02
7.641000e-01 2.691627e+02
7.651000e-01 2.687560e+02
7.661000e-01 2.683501e+02
7.671000e-01 2.679451e+02
7.681000e-01 2.675410e+02
7.691000e-01 2.671378e+02
7.701000e-01 2.667355e+02
7.711000e-01 2.663341e+02
7.721000e-01 2.659335e+02
7.731000e-01 2.655338e+02
7.741000e-01 2.651350e+02
7.751000e-01 2.647371e+02
7.761000e-01 2.643400e+02
7.771000e-01 2.639438e+02
7.781000e-01 2.635484e+02
7.791000e-01 2.631539e+02
7.801000e-01 2.627603e+02
7.811000e-01 2.623675e+02
7.821000e-01 2.619756e+02
7.831000e-01 2.615845e+02
7.841000e-01 2.611943e+02
7.851000e-01 2.608049e+02
7.861000e-01 2.604163e+02
7.871000e-01 2.600286e+02
7.881000e-01 2.596418e+02
7.891000e-01 2.592557e+02
7.901000e-01 2.588705e+02
7.911000e-01 2.584861e+02
7.921000e-01 2.581026e+02
7.931000e-01 2.577199e+02
7.941000e-01 2.573380e+02
7.951000e-01 2.569570e+02
7.961000e-01 2.565767e+02
7.971000e-01 2.561973e+02
7.981000e-01 2.558187e+02
7.991000e-01 2.554409e+02
8.001000e-01 2.550639e+02
8.011000e-01 2.546877e+02
8.021000e-01 2.543123e+02
8.031000e-01 2.539378e+02
8.041000e-01 2.535640e+02
8.051000e-01 2.531911e+02
8.061000e-01 2.528189e+02
8.071000e-01 2.524476e+02
8.081000e-01 2.520770e+02
8.091000e-01 2.517072e+02
8.101000e-01 2.513383e+02
8.111000e-01 2.509701e+02
8.121000e-01 2.506027e+02
8.131000e-01 2.502361e+02
8.141000e-01 2.498702e+02
8.151000e-01 2.495052e+02
8.161000e-01 2.491409e+02
8.171000e-01 2.487774e+02
8.181000e-01 2.484147e+02
8.191000e-01 2.480527e+02
8.201000e-01 2.476916e+02
8.211000e-01 2.473311e+02
8.221000e-01 2.469715e+02
8.231000e-01 2.466126e+02
8.241000e-01 2.462545e+02
8.251000e-01 2.458971e+02
8.261000e-01 2.455405e+02
8.271000e-01 2.451846e+02
8.281000e-01 2.448295e+02
8.291000e-01 2.444752e+02
8.301000e-01 2.441215e+02
8.311000e-01 2.437686e+02
8.321000e-01 2.434165e+02
8.331000e-01 2.430651e+02
8.341000e-01 2.427145e+02
8.351000e-01 2.423646e+02
8.361000e-01 2.420154e+02
8.371000e-01 2.416670e+02
8.381000e-01 2.413193e+02
8.391000e-01 2.409723e+02
8.401000e-01 2.406260e+02
8.411000e-01 2.402803e+02
8.421000e-01 2.399356e+02
8.431000e-01 2.395917e+02
8.441000e-01 2.392483e+02
8.451000e-01 2.389057e+02
8.461000e-01 2.385638e+02
8.471000e-01 2.382226e+02
8.481000e-01 2.378821e+02
8.491000e-01 2.375424e+02
8.501000e-01 2.372033e+02
8.511000e-01 2.368650e+02
8.521000e-01 2.365274e+02
8.531000e-01 2.361901e+02
8.541000e-01 2.358542e+02
8.551000e-01 2.355187e+02
8.561000e-01 2.351839e+02
8.571000e-01 2.348498e+02
8.581000e-01 2.345164e+02
8.591000e-01 2.341837e+02
8.601000e-01 2.338517e+02
8.611000e-01 2.335204e+02
8.621000e-01 2.331898e+02
8.631000e-01 2.328599e+02
8.641000e-01 2.325307e+02
8.651000e-01 2.322015e+02
8.661000e-01 2.318743e+02
8.671000e-01 2.315471e+02
8.681000e-01 2.312206e+02
8.691000e-01 2.308948e+02
8.701000e-01 2.305697e+02
8.711000e-01 2.302453e+02
8.721000e-01 2.299215e+02
8.731000e-01 2.295985e+02
8.741000e-01 2.292761e+02
8.751000e-01 2.289543e+02
8.761000e-01 2.286333e+02
8.771000e-01 2.283129e+02
8.781000e-01 2.279922e+02
8.791000e-01 2.276741e+02
8.801000e-01 2.273557e+02
8.811000e-01 2.270380e+02
8.821000e-01 2.267209e+02
8.831000e-01 2.264045e+02
8.841000e-01 2.060947e+02
8.851000e-01 2.257737e+02
8.861000e-01 2.254592e+02
8.871000e-01 2.251454e+02
8.881000e-01 2.248323e+02
8.891000e-01 2.245198e+02
8.901000e-01 2.242079e+02
8.911000e-01 2.238967e+02
8.921000e-01 2.235847e+02
8.931000e-01 2.232762e+02
8.941000e-01 2.229669e+02
8.951000e-01 2.226583e+02
8.961000e-01 2.223503e+02
8.971000e-01 2.220429e+02
8.981000e-01 2.217361e+02
8.991000e-01 2.214299e+02
9.001000e-01 2.211244e+02
9.011000e-01 2.208195e+02
9.021000e-01 2.205152e+02
9.031000e-01 2.202116e+02
9.041000e-01 2.199085e+02
9.051000e-01 2.196061e+02
9.061000e-01 2.193023e+02
9.071000e-01 2.190030e+02
9.081000e-01 2.187024e+02
9.091000e-01 2.184024e+02
9.101000e-01 2.181030e+02
9.111000e-01 2.178042e+02
9.121000e-01 2.175060e+02
9.131000e-01 2.172084e+02
9.141000e-01 2.169114e+02
9.151000e-01 2.166149e+02
9.161000e-01 2.163191e+02
9.171000e-01 2.160239e+02
9.181000e-01 2.157293e+02
9.191000e-01 2.154352e+02
9.201000e-01 2.151417e+02
9.211000e-01 2.148488e+02
9.221000e-01 2.145566e+02
9.231000e-01 2.142648e+02
9.241000e-01 2.139737e+02
9.251000e-01 2.136832e+02
9.261000e-01 2.133932e+02
9.271000e-01 2.131038e+02
9.281000e-01 2.128150e+02
9.291000e-01 2.125268e+02
9.301000e-01 2.122391e+02
9.311000e-01 2.119520e+02
9.321000e-01 2.116655e+02
9.331000e-01 2.113796e+02
9.341000e-01 2.110942e+02
9.351000e-01 2.108094e+02
9.361000e-01 2.105252e+02
9.371000e-01 2.102384e+02
9.381000e-01 2.099584e+02
9.391000e-01 2.096758e+02
9.401000e-01 2.093939e+02
9.411000e-01 2.091124e+02
9.421000e-01 2.088316e+02
9.431000e-01 2.085513e+02
9.441000e-01 2.082715e+02
9.451000e-01 2.079924e+02
9.461000e-01 2.077137e+02
9.471000e-01 2.074357e+02
9.481000e-01 2.071581e+02
9.491000e-01 2.068812e+02
9.501000e-01 2.066047e+02
9.511000e-01 2.063288e+02
9.521000e-01 2.060535e+02
9.531000e-01 2.057787e+02
9.541000e-01 2.055045e+02
9.551000e-01 2.052308e+02
9.561000e-01 2.049576e+02
9.571000e-01 2.046850e+02
9.581000e-01 2.044129e+02
9.591000e-01 2.041414e+02
9.601000e-01 2.038703e+02
9.611000e-01 2.035998e+02
9.621000e-01 2.033299e+02
9.631000e-01 2.030604e+02
9.641000e-01 2.027915e+02
9.651000e-01 2.025231e+02
9.661000e-01 2.022553e+02
9.671000e-01 2.019879e+02
9.681000e-01 2.017211e+02
9.691000e-01 2.014548e+02
9.701000e-01 2.011890e+02
9.711000e-01 2.009238e+02
9.721000e-01 2.006590e+02
9.731000e-01 2.003948e+02
9.741000e-01 2.001311e+02
9.751000e-01 1.998679e+02
9.761000e-01 1.996052e+02
9.771000e-01 1.993430e+02
9.781000e-01 1.990813e+02
9.791000e-01 1.988202e+02
9.801000e-01 1.985595e+02
9.811000e-01 1.982994e+02
9.821000e-01 1.980397e+02
9.831000e-01 1.977806e+02
9.841000e-01 1.975220e+02
9.851000e-01 1.972638e+02
9.861000e-01 1.970062e+02
9.871000e-01 1.967491e+02
9.881000e-01 1.964924e+02
9.891000e-01 1.962363e+02
9.901000e-01 1.959807e+02
9.911000e-01 1.957255e+02
9.921000e-01 1.954709e+02
9.931000e-01 1.952167e+02
9.941000e-01 1.949631e+02
9.951000e-01 1.947099e+02
9.961000e-01 1.944572e+02
9.971000e-01 1.942050e+02
9.981000e-01 1.939533e+02
9.991000e-01 1.937021e+02
1.000000e+00 1.934764e+02
1.100000e+00 1.706390e+02
1.200000e+00 1.515881e+02
1.300000e+00 1.355358e+02
1.400000e+00 1.218826e+02
1.500000e+00 1.101686e+02
1.600000e+00 1.000347e+02
1.700000e+00 9.120028e+01
1.800000e+00 8.345767e+01
1.900000e+00 7.667543e+01
2.000000e+00 7.074638e+01
2.100000e+00 6.551697e+01
2.200000e+00 6.081740e+01
2.300000e+00 5.656026e+01
2.400000e+00 5.271680e+01
2.500000e+00 4.925010e+01
2.600000e+00 4.611401e+01
2.700000e+00 4.326666e+01
2.800000e+00 4.067308e+01
2.900000e+00 3.830357e+01
3.000000e+00 3.613276e+01
3.100000e+00 3.413865e+01
3.200000e+00 3.230238e+01
3.300000e+00 3.060729e+01
3.400000e+00 2.903888e+01
3.500000e+00 2.758405e+01
3.600000e+00 2.623136e+01
3.700000e+00 2.497130e+01
3.800000e+00 2.379620e+01
3.900000e+00 2.269996e+01
4.000000e+00 2.167767e+01
4.100000e+00 2.071420e+01
4.200000e+00 1.983487e+01
4.300000e+00 1.900269e+01
4.400000e+00 1.822183e+01
4.500000e+00 1.748699e+01
4.600000e+00 1.679398e+01
4.700000e+00 1.613960e+01
4.800000e+00 1.552126e+01
4.900000e+00 1.493662e+01
5.000000e+00 1.438349e+01
5.100000e+00 1.385969e+01
5.200000e+00 1.336328e+01
5.300000e+00 1.289237e+01
5.400000e+00 1.244515e+01
5.500000e+00 1.201996e+01
5.600000e+00 1.161524e+01
5.700000e+00 1.122958e+01
5.800000e+00 1.086172e+01
5.900000e+00 1.051058e+01
6.000000e+00 1.017525e+01
6.100000e+00 9.655373e+00
6.200000e+00 9.549124e+00
6.300000e+00 9.257048e+00
6.400000e+00 8.974613e+00
6.500000e+00 8.708283e+00
6.600000e+00 8.453701e+00
6.700000e+00 8.210165e+00
6.800000e+00 7.976978e+00
6.900000e+00 7.753489e+00
7.000000e+00 7.539110e+00
7.100000e+00 7.333315e+00
7.200000e+00 7.135628e+00
7.300000e+00 6.945620e+00
7.400000e+00 6.762887e+00
7.500000e+00 6.587049e+00
7.600000e+00 6.417742e+00
7.700000e+00 6.254618e+00
7.800000e+00 6.097340e+00
7.900000e+00 5.945593e+00
8.000000e+00 5.799087e+00
8.100000e+00 5.657567e+00
8.200000e+00 5.520811e+00
8.300000e+00 5.388616e+00
8.400000e+00 5.260815e+00
8.500000e+00 5.137253e+00
8.600000e+00 5.017792e+00
8.700000e+00 4.902292e+00
8.800000e+00 4.790611e+00
8.900000e+00 4.682618e+00
9.000000e+00 4.578174e+00
9.100000e+00 4.477137e+00
9.200000e+00 4.379375e+00
9.300000e+00 4.284749e+00
9.400000e+00 4.193130e+00
9.500000e+00 4.104387e+00
9.600000e+00 4.018400e+00
9.700000e+00 3.935051e+00
9.800000e+00 3.854219e+00
9.900000e+00 3.775798e+00
1.000000e+01 3.699670e+00
1.010000e+01 3.625760e+00
1.020000e+01 3.553936e+00
1.030000e+01 3.484125e+00
1.040000e+01 3.416233e+00
1.050000e+01 3.350182e+00
1.060000e+01 3.285905e+00
1.070000e+01 3.223300e+00
1.080000e+01 3.162407e+00
1.090000e+01 3.103091e+00
1.100000e+01 3.045303e+00
1.110000e+01 2.989032e+00
1.120000e+01 2.934223e+00
1.130000e+01 2.880838e+00
1.140000e+01 2.828835e+00
1.150000e+01 2.778178e+00
1.160000e+01 2.728826e+00
1.170000e+01 2.680744e+00
1.180000e+01 2.633892e+00
1.190000e+01 2.588235e+00
1.200000e+01 2.542973e+00
1.210000e+01 2.500355e+00
1.220000e+01 2.458056e+00
1.230000e+01 2.416816e+00
1.240000e+01 2.376556e+00
1.250000e+01 2.337277e+00
1.260000e+01 2.298936e+00
1.270000e+01 2.261494e+00
1.280000e+01 2.224921e+00
1.290000e+01 2.189186e+00
1.300000e+01 2.154366e+00
1.310000e+01 2.120118e+00
1.320000e+01 2.086738e+00
1.330000e+01 2.054086e+00
1.340000e+01 2.022148e+00
1.350000e+01 1.990902e+00
1.360000e+01 1.960330e+00
1.370000e+01 1.930414e+00
1.380000e+01 1.901140e+00
1.390000e+01 1.872485e+00
1.400000e+01 1.844450e+00
1.410000e+01 1.817010e+00
1.420000e+01 1.790149e+00
1.430000e+01 1.763817e+00
1.440000e+01 1.738125e+00
1.450000e+01 1.712933e+00
1.460000e+01 1.688268e+00
1.470000e+01 1.664117e+00
1.480000e+01 1.640466e+00
1.490000e+01 1.617303e+00
1.500000e+01 1.594611e+00
1.510000e+01 1.572379e+00
1.520000e+01 1.550594e+00
1.530000e+01 1.529241e+00
1.540000e+01 1.508309e+00
1.550000e+01 1.487785e+00
1.560000e+01 1.467657e+00
1.570000e+01 1.447915e+00
1.580000e+01 1.428548e+00
1.590000e+01 1.409545e+00
1.600000e+01 1.390896e+00
1.610000e+01 1.372595e+00
1.620000e+01 1.354630e+00
1.630000e+01 1.336997e+00
1.640000e+01 1.319687e+00
1.650000e+01 1.302691e+00
1.660000e+01 1.286005e+00
1.670000e+01 1.269622e+00
1.680000e+01 1.253535e+00
1.690000e+01 1.237736e+00
1.700000e+01 1.222222e+00
1.710000e+01 1.206986e+00
1.720000e+01 1.192022e+00
1.730000e+01 1.177324e+00
1.740000e+01 1.162886e+00
1.750000e+01 1.148702e+00
1.760000e+01 1.134766e+00
1.770000e+01 1.121073e+00
1.780000e+01 1.107607e+00
1.790000e+01 1.094388e+00
1.800000e+01 1.081395e+00
1.810000e+01 1.068618e+00
1.820000e+01 1.056053e+00
1.830000e+01 1.043697e+00
1.840000e+01 1.031547e+00
1.850000e+01 1.019597e+00
1.860000e+01 1.007843e+00
1.870000e+01 9.962804e-01
1.880000e+01 9.849050e-01
1.890000e+01 9.737131e-01
1.900000e+01 9.627003e-01
1.910000e+01 9.518632e-01
1.920000e+01 9.411979e-01
1.930000e+01 9.307004e-01
1.940000e+01 9.203697e-01
1.950000e+01 9.102037e-01
1.960000e+01 9.001979e-01
1.970000e+01 8.903426e-01
1.980000e+01 8.806443e-01
1.990000e+01 8.710960e-01
2.000000e+01 8.616992e-01
2.010000e+01 8.524392e-01
2.020000e+01 8.433248e-01
2.030000e+01 8.343497e-01
2.040000e+01 8.255112e-01
2.050000e+01 8.168053e-01
2.060000e+01 8.082308e-01
2.070000e+01 7.997797e-01
2.080000e+01 7.914636e-01
2.090000e+01 7.832662e-01
2.100000e+01 7.751836e-01
2.110000e+01 7.672301e-01
2.120000e+01 7.593868e-01
2.130000e+01 7.516571e-01
2.140000e+01 7.440387e-01
2.150000e+01 7.365296e-01
2.160000e+01 7.291275e-01
2.170000e+01 7.218306e-01
2.180000e+01 7.146393e-01
2.190000e+01 7.075447e-01
2.200000e+01 7.005521e-01
2.210000e+01 6.936573e-01
2.220000e+01 6.868584e-01
2.230000e+01 6.801541e-01
2.240000e+01 6.735424e-01
2.250000e+01 6.670219e-01
2.260000e+01 6.605934e-01
2.270000e+01 6.542482e-01
2.280000e+01 6.479919e-01
2.290000e+01 6.418207e-01
2.300000e+01 6.357332e-01
2.310000e+01 6.297276e-01
2.320000e+01 6.238035e-01
2.330000e+01 6.179568e-01
2.340000e+01 6.121882e-01
2.350000e+01 6.064975e-01
2.360000e+01 6.008810e-01
2.370000e+01 5.953378e-01
2.380000e+01 5.898674e-01
2.390000e+01 5.844687e-01
2.400000e+01 5.791397e-01
2.410000e+01 5.738796e-01
2.420000e+01 5.686870e-01
2.430000e+01 5.635609e-01
2.440000e+01 5.585004e-01
2.450000e+01 5.535036e-01
2.460000e+01 5.485706e-01
2.470000e+01 5.436996e-01
2.480000e+01 5.388897e-01
2.490000e+01 5.341400e-01
2.500000e+01 5.294497e-01
2.510000e+01 5.248178e-01
2.520000e+01 5.202432e-01
2.530000e+01 5.157250e-01
2.540000e+01 5.112626e-01
2.550000e+01 5.068547e-01
2.560000e+01 5.025008e-01
2.570000e+01 4.982001e-01
2.580000e+01 4.939513e-01
2.590000e+01 4.897540e-01
2.600000e+01 4.856072e-01
2.610000e+01 4.815102e-01
2.620000e+01 4.774622e-01
2.630000e+01 4.734624e-01
2.640000e+01 4.695102e-01
2.650000e+01 4.656046e-01
2.660000e+01 4.617451e-01
2.670000e+01 4.579309e-01
2.680000e+01 4.541612e-01
2.690000e+01 4.504355e-01
2.700000e+01 4.467531e-01
2.710000e+01 4.431132e-01
2.720000e+01 4.395153e-01
2.730000e+01 4.359588e-01
2.740000e+01 4.324429e-01
2.750000e+01 4.289672e-01
2.760000e+01 4.255310e-01
2.770000e+01 4.221337e-01
2.780000e+01 4.187749e-01
2.790000e+01 4.154538e-01
2.800000e+01 4.121700e-01
2.810000e+01 4.089228e-01
2.820000e+01 4.057119e-01
2.830000e+01 4.025367e-01
2.840000e+01 3.993965e-01
2.850000e+01 3.962911e-01
2.860000e+01 3.932180e-01
2.870000e+01 3.901821e-01
2.880000e+01 3.871776e-01
2.890000e+01 3.842059e-01
2.900000e+01 3.812664e-01
2.910000e+01 3.783587e-01
2.920000e+01 3.754824e-01
2.930000e+01 3.726370e-01
2.940000e+01 3.698221e-01
2.950000e+01 3.670373e-01
2.960000e+01 3.642821e-01
2.970000e+01 3.615561e-01
2.980000e+01 3.588590e-01
2.990000e+01 3.561904e-01
3.000000e+01 3.535498e-01
3.010000e+01 3.509368e-01
3.020000e+01 3.483512e-01
3.030000e+01 3.457925e-01
3.040000e+01 3.432604e-01
3.050000e+01 3.407545e-01
3.060000e+01 3.382744e-01
3.070000e+01 3.358199e-01
3.080000e+01 3.333905e-01
3.090000e+01 3.309860e-01
3.100000e+01 3.286060e-01
3.110000e+01 3.262502e-01
3.120000e+01 3.239183e-01
3.130000e+01 3.216099e-01
3.140000e+01 3.193247e-01
3.150000e+01 3.170625e-01
3.160000e+01 3.148230e-01
3.170000e+01 3.126058e-01
3.180000e+01 3.104107e-01
3.190000e+01 3.082373e-01
3.200000e+01 3.060855e-01
3.210000e+01 3.039549e-01
3.220000e+01 3.018452e-01
3.230000e+01 2.997562e-01
3.240000e+01 2.976877e-01
3.250000e+01 2.956393e-01
3.260000e+01 2.936109e-01
3.270000e+01 2.916021e-01
3.280000e+01 2.896127e-01
3.290000e+01 2.876425e-01
3.300000e+01 2.856912e-01
3.310000e+01 2.837586e-01
3.320000e+01 2.818445e-01
3.330000e+01 2.799486e-01
3.340000e+01 2.780708e-01
3.350000e+01 2.762107e-01
3.360000e+01 2.743682e-01
3.370000e+01 2.725430e-01
3.380000e+01 2.707350e-01
3.390000e+01 2.689439e-01
3.400000e+01 2.671696e-01
3.410000e+01 2.654118e-01
3.420000e+01 2.636704e-01
3.430000e+01 2.619450e-01
3.440000e+01 2.602356e-01
3.450000e+01 2.585419e-01
3.460000e+01 2.568639e-01
3.470000e+01 2.552012e-01
3.480000e+01 2.535537e-01
3.490000e+01 2.519212e-01
3.500000e+01 2.503035e-01
3.510000e+01 2.487005e-01
3.520000e+01 2.471120e-01
3.530000e+01 2.455378e-01
3.540000e+01 2.439778e-01
3.550000e+01 2.424318e-01
3.560000e+01 2.408996e-01
3.570000e+01 2.393810e-01
3.580000e+01 2.378760e-01
3.590000e+01 2.363843e-01
3.600000e+01 2.349058e-01
3.610000e+01 2.334402e-01
3.620000e+01 2.319877e-01
3.630000e+01 2.305479e-01
3.640000e+01 2.291207e-01
3.650000e+01 2.277060e-01
3.660000e+01 2.263036e-01
3.670000e+01 2.249133e-01
3.680000e+01 2.235352e-01
3.690000e+01 2.221689e-01
3.700000e+01 2.208144e-01
3.710000e+01 2.194716e-01
3.720000e+01 2.181402e-01
3.730000e+01 2.168203e-01
3.740000e+01 2.155116e-01
3.750000e+01 2.142141e-01
3.760000e+01 2.129276e-01
3.770000e+01 2.116520e-01
3.780000e+01 2.103871e-01
3.790000e+01 2.091330e-01
3.800000e+01 2.078893e-01
3.810000e+01 2.066560e-01
3.820000e+01 2.054331e-01
3.830000e+01 2.042203e-01
3.840000e+01 2.030177e-01
3.850000e+01 2.018250e-01
3.860000e+01 2.006423e-01
3.870000e+01 1.994694e-01
3.880000e+01 1.983060e-01
3.890000e+01 1.971522e-01
3.900000e+01 1.960079e-01
3.910000e+01 1.948730e-01
3.920000e+01 1.937473e-01
3.930000e+01 1.926308e-01
3.940000e+01 1.915233e-01
3.950000e+01 1.904248e-01
3.960000e+01 1.893352e-01
3.970000e+01 1.882544e-01
3.980000e+01 1.871823e-01
3.990000e+01 1.861188e-01
4.000000e+01 1.850638e-01
4.010000e+01 1.840171e-01
4.020000e+01 1.829788e-01
4.030000e+01 1.819488e-01
4.040000e+01 1.809269e-01
4.050000e+01 1.799131e-01
4.060000e+01 1.789073e-01
4.070000e+01 1.779095e-01
4.080000e+01 1.769195e-01
4.090000e+01 1.759372e-01
4.100000e+01 1.749627e-01
4.110000e+01 1.739957e-01
4.120000e+01 1.730362e-01
4.130000e+01 1.720842e-01
4.140000e+01 1.711396e-01
4.150000e+01 1.702022e-01
4.160000e+01 1.692722e-01
4.170000e+01 1.683493e-01
4.180000e+01 1.674334e-01
4.190000e+01 1.665246e-01
4.200000e+01 1.656226e-01
4.210000e+01 1.647275e-01
4.220000e+01 1.638392e-01
4.230000e+01 1.629577e-01
4.240000e+01 1.620829e-01
4.250000e+01 1.612146e-01
4.260000e+01 1.603530e-01
4.270000e+01 1.594977e-01
4.280000e+01 1.586489e-01
4.290000e+01 1.578065e-01
4.300000e+01 1.569704e-01
4.310000e+01 1.561405e-01
4.320000e+01 1.553168e-01
4.330000e+01 1.544991e-01
4.340000e+01 1.536876e-01
4.350000e+01 1.528820e-01
4.360000e+01 1.520824e-01
4.370000e+01 1.512887e-01
4.380000e+01 1.505009e-01
4.390000e+01 1.497186e-01
4.400000e+01 1.489420e-01
4.410000e+01 1.481712e-01
4.420000e+01 1.474059e-01
4.430000e+01 1.466463e-01
4.440000e+01 1.458922e-01
4.450000e+01 1.451435e-01
4.460000e+01 1.444002e-01
4.470000e+01 1.436623e-01
4.480000e+01 1.429297e-01
4.490000e+01 1.422022e-01
4.500000e+01 1.414801e-01
4.510000e+01 1.407631e-01
4.520000e+01 1.400512e-01
4.530000e+01 1.393444e-01
4.540000e+01 1.386425e-01
4.550000e+01 1.379456e-01
4.560000e+01 1.372537e-01
4.570000e+01 1.365667e-01
4.580000e+01 1.358844e-01
4.590000e+01 1.352068e-01
4.600000e+01 1.345340e-01
4.610000e+01 1.338657e-01
4.620000e+01 1.332023e-01
4.630000e+01 1.325436e-01
4.640000e+01 1.318894e-01
4.650000e+01 1.312397e-01
4.660000e+01 1.305946e-01
4.670000e+01 1.299539e-01
4.680000e+01 1.293177e-01
4.690000e+01 1.286857e-01
4.700000e+01 1.280581e-01
4.710000e+01 1.274348e-01
4.720000e+01 1.268158e-01
4.730000e+01 1.262010e-01
4.740000e+01 1.255904e-01
4.750000e+01 1.249838e-01
4.760000e+01 1.243815e-01
4.770000e+01 1.237829e-01
4.780000e+01 1.231885e-01
4.790000e+01 1.225981e-01
4.800000e+01 1.220119e-01
4.810000e+01 1.214294e-01
4.820000e+01 1.208508e-01
4.830000e+01 1.202762e-01
4.840000e+01 1.197054e-01
4.850000e+01 1.191384e-01
4.860000e+01 1.185753e-01
4.870000e+01 1.180158e-01
4.880000e+01 1.118915e-01
4.890000e+01 1.169079e-01
4.900000e+01 1.163594e-01
4.910000e+01 1.158146e-01
4.920000e+01 1.152733e-01
4.930000e+01 1.147355e-01
4.940000e+01 1.142009e-01
4.950000e+01 1.136699e-01
4.960000e+01 1.131425e-01
4.970000e+01 1.126185e-01
4.980000e+01 1.120981e-01
4.990000e+01 1.115809e-01
5.000000e+01 1.110671e-01
5.010000e+01 1.105567e-01
5.020000e+01 1.100494e-01
5.030000e+01 1.095457e-01
5.040000e+01 1.090449e-01
5.050000e+01 1.085472e-01
5.060000e+01 1.080531e-01
5.070000e+01 1.075616e-01
5.080000e+01 1.070735e-01
5.090000e+01 1.065884e-01
5.100000e+01 1.061065e-01
5.110000e+01 1.056277e-01
5.120000e+01 1.051519e-01
5.130000e+01 1.046790e-01
5.140000e+01 1.042091e-01
5.150000e+01 1.037421e-01
5.160000e+01 1.032780e-01
5.170000e+01 1.028169e-01
5.180000e+01 1.023588e-01
5.190000e+01 1.019033e-01
5.200000e+01 1.014507e-01
5.210000e+01 1.010009e-01
5.220000e+01 1.005539e-01
5.230000e+01 1.001096e-01
5.240000e+01 9.966817e-02
5.250000e+01 9.922946e-02
5.260000e+01 9.879345e-02
5.270000e+01 9.836002e-02
5.280000e+01 9.792927e-02
5.290000e+01 9.750115e-02
5.300000e+01 9.707570e-02
5.310000e+01 9.665269e-02
5.320000e+01 9.623230e-02
5.330000e+01 9.581459e-02
5.340000e+01 9.539930e-02
5.350000e+01 9.498643e-02
5.360000e+01 9.457622e-02
5.370000e+01 9.416847e-02
5.380000e+01 9.376294e-02
5.390000e+01 9.336016e-02
5.400000e+01 9.295976e-02
5.410000e+01 9.256167e-02
5.420000e+01 9.216586e-02
5.430000e+01 9.177248e-02
5.440000e+01 9.138140e-02
5.450000e+01 9.099251e-02
5.460000e+01 9.060608e-02
5.470000e+01 9.022190e-02
5.480000e+01 8.984007e-02
5.490000e+01 8.946041e-02
5.500000e+01 8.908307e-02
5.510000e+01 8.870790e-02
5.520000e+01 8.833496e-02
5.530000e+01 8.796398e-02
5.540000e+01 8.759535e-02
5.550000e+01 8.722898e-02
5.560000e+01 8.686442e-02
5.570000e+01 8.650225e-02
5.580000e+01 8.614200e-02
5.590000e+01 8.578394e-02
5.600000e+01 8.542794e-02
5.610000e+01 8.507377e-02
5.620000e+01 8.472203e-02
5.630000e+01 8.437208e-02
5.640000e+01 8.402417e-02
5.650000e+01 8.367836e-02
5.660000e+01 8.333441e-02
5.670000e+01 8.299249e-02
5.680000e+01 8.265230e-02
5.690000e+01 8.231422e-02
5.700000e+01 8.197765e-02
5.710000e+01 8.164354e-02
5.720000e+01 8.131077e-02
5.730000e+01 8.098079e-02
5.740000e+01 8.065212e-02
5.750000e+01 8.032528e-02
5.760000e+01 8.000028e-02
5.770000e+01 7.967718e-02
5.780000e+01 7.935585e-02
5.790000e+01 7.903585e-02
5.800000e+01 7.871818e-02
5.810000e+01 7.840210e-02
5.820000e+01 7.808787e-02
5.830000e+01 7.777546e-02
5.840000e+01 7.746465e-02
5.850000e+01 7.715561e-02
5.860000e+01 7.684838e-02
5.870000e+01 7.654248e-02
5.880000e+01 7.623823e-02
5.890000e+01 7.593590e-02
5.900000e+01 7.563523e-02
5.910000e+01 7.533610e-02
5.920000e+01 7.503857e-02
5.930000e+01 7.474295e-02
5.940000e+01 7.444871e-02
5.950000e+01 7.415612e-02
5.960000e+01 7.386515e-02
5.970000e+01 7.357573e-02
5.980000e+01 7.328753e-02
5.990000e+01 7.300123e-02
6.000000e+01 7.271643e-02
6.010000e+01 7.243317e-02
6.020000e+01 7.215132e-02
6.030000e+01 7.187121e-02
6.040000e+01 7.159249e-02
6.050000e+01 7.131496e-02
6.060000e+01 7.103914e-02
6.070000e+01 7.076505e-02
6.080000e+01 7.049190e-02
6.090000e+01 7.022063e-02
6.100000e+01 6.995026e-02
6.110000e+01 6.968171e-02
6.120000e+01 6.941467e-02
6.130000e+01 6.914887e-02
6.140000e+01 6.888456e-02
6.150000e+01 6.862150e-02
6.160000e+01 6.835974e-02
6.170000e+01 6.809945e-02
6.180000e+01 6.784070e-02
6.190000e+01 6.758306e-02
6.200000e+01 6.732681e-02
6.210000e+01 6.707204e-02
6.220000e+01 6.681828e-02
6.230000e+01 6.656582e-02
6.240000e+01 6.631513e-02
6.250000e+01 6.606518e-02
6.260000e+01 6.581680e-02
6.270000e+01 6.556986e-02
6.280000e+01 6.532410e-02
6.290000e+01 6.507910e-02
6.300000e+01 6.483597e-02
6.310000e+01 6.459380e-02
6.320000e+01 6.435289e-02
6.330000e+01 6.411324e-02
6.340000e+01 6.387478e-02
6.350000e+01 6.363724e-02
6.360000e+01 6.340139e-02
6.370000e+01 6.316645e-02
6.380000e+01 6.293280e-02
6.390000e+01 6.270026e-02
6.400000e+01 6.246892e-02
6.410000e+01 6.223880e-02
6.420000e+01 6.200931e-02
6.430000e+01 6.178142e-02
6.440000e+01 6.155500e-02
6.450000e+01 6.132911e-02
6.460000e+01 6.110461e-02
6.470000e+01 6.088109e-02
6.480000e+01 6.065905e-02
6.490000e+01 6.043730e-02
6.500000e+01 6.021743e-02
6.510000e+01 5.999849e-02
6.520000e+01 5.978031e-02
6.530000e+01 5.956312e-02
6.540000e+01 5.934773e-02
6.550000e+01 5.913255e-02
6.560000e+01 5.891861e-02
6.570000e+01 5.870588e-02
6.580000e+01 5.849435e-02
6.590000e+01 5.828375e-02
6.600000e+01 5.807417e-02
6.610000e+01 5.786558e-02
6.620000e+01 5.765766e-02
6.630000e+01 5.745090e-02
6.640000e+01 5.724536e-02
6.650000e+01 5.704042e-02
6.660000e+01 5.683663e-02
6.670000e+01 5.663408e-02
6.680000e+01 5.643257e-02
6.690000e+01 5.623171e-02
6.700000e+01 5.603146e-02
6.710000e+01 5.583266e-02
6.720000e+01 5.563500e-02
6.730000e+01 5.543793e-02
6.740000e+01 5.524167e-02
6.750000e+01 5.504636e-02
6.760000e+01 5.485195e-02
6.770000e+01 5.465892e-02
6.780000e+01 5.446616e-02
6.790000e+01 5.427445e-02
6.800000e+01 5.408409e-02
6.810000e+01 5.389424e-02
6.820000e+01 5.370535e-02
6.830000e+01 5.351720e-02
6.840000e+01 5.333022e-02
6.850000e+01 5.314327e-02
6.860000e+01 5.295806e-02
6.870000e+01 5.277350e-02
6.880000e+01 5.258957e-02
6.890000e+01 5.240730e-02
6.900000e+01 5.222548e-02
6.910000e+01 5.204414e-02
6.920000e+01 5.186294e-02
6.930000e+01 5.168320e-02
6.940000e+01 5.150418e-02
6.950000e+01 5.132681e-02
6.960000e+01 5.114979e-02
6.970000e+01 5.097310e-02
6.980000e+01 5.079732e-02
6.990000e+01 5.062319e-02
7.000000e+01 5.044865e-02
7.010000e+01 5.027476e-02
7.020000e+01 5.010275e-02
7.030000e+01 4.993122e-02
7.040000e+01 4.975991e-02
7.050000e+01 4.958991e-02
7.060000e+01 4.942013e-02
7.070000e+01 4.925214e-02
7.080000e+01 4.908377e-02
7.090000e+01 4.891684e-02
7.100000e+01 4.874992e-02
7.110000e+01 4.858369e-02
7.120000e+01 4.841950e-02
7.130000e+01 4.825478e-02
7.140000e+01 4.809137e-02
7.150000e+01 4.792829e-02
7.160000e+01 4.776626e-02
7.170000e+01 4.760503e-02
7.180000e+01 4.744422e-02
7.190000e+01 4.728392e-02
7.200000e+01 4.712447e-02
7.210000e+01 4.696519e-02
7.220000e+01 4.680730e-02
7.230000e+01 4.665008e-02
7.240000e+01 4.649311e-02
7.250000e+01 4.633758e-02
7.260000e+01 4.618241e-02
7.270000e+01 4.602743e-02
7.280000e+01 4.587249e-02
7.290000e+01 4.571972e-02
7.300000e+01 4.556711e-02
7.310000e+01 4.541505e-02
7.320000e+01 4.526290e-02
7.330000e+01 4.511211e-02
7.340000e+01 4.496199e-02
7.350000e+01 4.481276e-02
7.360000e+01 4.466408e-02
7.370000e+01 4.451524e-02
7.380000e+01 4.436671e-02
7.390000e+01 4.421951e-02
7.400000e+01 4.407357e-02
7.410000e+01 4.392740e-02
7.420000e+01 4.378167e-02
7.430000e+01 4.363779e-02
7.440000e+01 4.349318e-02
7.450000e+01 4.334971e-02
7.460000e+01 4.320659e-02
7.470000e+01 4.306391e-02
7.480000e+01 4.292246e-02
7.490000e+01 4.278058e-02
7.500000e+01 4.263974e-02
7.510000e+01 4.249957e-02
7.520000e+01 4.235995e-02
7.530000e+01 4.222149e-02
7.540000e+01 4.208238e-02
7.550000e+01 4.194425e-02
7.560000e+01 4.180669e-02
7.570000e+01 4.167044e-02
7.580000e+01 4.153362e-02
7.590000e+01 4.139807e-02
7.600000e+01 4.126235e-02
7.610000e+01 4.112759e-02
7.620000e+01 4.099386e-02
7.630000e+01 4.085953e-02
7.640000e+01 4.072663e-02
7.650000e+01 4.059453e-02
7.660000e+01 4.046076e-02
7.670000e+01 4.032970e-02
7.680000e+01 4.019846e-02
7.690000e+01 4.006786e-02
7.700000e+01 3.993763e-02
7.710000e+01 3.980788e-02
7.720000e+01 3.967851e-02
7.730000e+01 3.954992e-02
7.740000e+01 3.942137e-02
7.750000e+01 3.929387e-02
7.760000e+01 3.916589e-02
7.770000e+01 3.903929e-02
7.780000e+01 3.891354e-02
7.790000e+01 3.878763e-02
7.800000e+01 3.866198e-02
7.810000e+01 3.853695e-02
7.820000e+01 3.841195e-02
7.830000e+01 3.828823e-02
7.840000e+01 3.816452e-02
7.850000e+01 3.804078e-02
7.860000e+01 3.791827e-02
7.870000e+01 3.779613e-02
7.880000e+01 3.767427e-02
7.890000e+01 3.755238e-02
7.900000e+01 3.743105e-02
7.910000e+01 3.731134e-02
7.920000e+01 3.719085e-02
7.930000e+01 3.707077e-02
7.940000e+01 3.695220e-02
7.950000e+01 3.683250e-02
7.960000e+01 3.671414e-02
7.970000e+01 3.659616e-02
7.980000e+01 3.647820e-02
7.990000e+01 3.636055e-02
8.000000e+01 3.624422e-02
8.010000e+01 3.613143e-02
8.020000e+01 3.601156e-02
8.030000e+01 3.589545e-02
8.040000e+01 3.578439e-02
8.050000e+01 3.566503e-02
8.060000e+01 3.554922e-02
8.070000e+01 3.543673e-02
8.080000e+01 3.532273e-02
8.090000e+01 3.520903e-02
8.100000e+01 3.509597e-02
8.110000e+01 3.498331e-02
8.120000e+01 3.487126e-02
8.130000e+01 3.475923e-02
8.140000e+01 3.464714e-02
8.150000e+01 3.453606e-02
8.160000e+01 3.442465e-02
8.170000e+01 3.431870e-02
8.180000e+01 3.420390e-02
8.190000e+01 3.409394e-02
8.200000e+01 3.398478e-02
8.210000e+01 3.387609e-02
8.220000e+01 3.376683e-02
8.230000e+01 3.365796e-02
8.240000e+01 3.354962e-02
8.250000e+01 3.344168e-02
8.260000e+01 3.333411e-02
8.270000e+01 3.323054e-02
8.280000e+01 3.312025e-02
8.290000e+01 3.301325e-02
8.300000e+01 3.291044e-02
8.310000e+01 3.280435e-02
8.320000e+01 3.269486e-02
8.330000e+01 3.259313e-02
8.340000e+01 3.248795e-02
8.350000e+01 3.238308e-02
8.360000e+01 3.227839e-02
8.370000e+01 3.217467e-02
8.380000e+01 3.206746e-02
8.390000e+01 3.196232e-02
8.400000e+01 3.186039e-02
8.410000e+01 3.175685e-02
8.420000e+01 3.165368e-02
8.430000e+01 3.154934e-02
8.440000e+01 3.144940e-02
8.450000e+01 3.134636e-02
8.460000e+01 3.124799e-02
8.470000e+01 3.114742e-02
8.480000e+01 3.104136e-02
8.490000e+01 3.094442e-02
8.500000e+01 3.083956e-02
8.510000e+01 3.073998e-02
8.520000e+01 3.064280e-02
8.530000e+01 3.054272e-02
8.540000e+01 3.043941e-02
8.550000e+01 3.034332e-02
8.560000e+01 3.024381e-02
8.570000e+01 3.014481e-02
8.580000e+01 3.004633e-02
8.590000e+01 2.994734e-02
8.600000e+01 2.984518e-02
8.610000e+01 2.975067e-02
8.620000e+01 2.965241e-02
8.630000e+01 2.955143e-02
8.640000e+01 2.945434e-02
8.650000e+01 2.935753e-02
8.660000e+01 2.926260e-02
8.670000e+01 2.916544e-02
8.680000e+01 2.906853e-02
8.690000e+01 2.897215e-02
8.700000e+01 2.887212e-02
8.710000e+01 2.877897e-02
8.720000e+01 2.868321e-02
8.730000e+01 2.858699e-02
8.740000e+01 2.849161e-02
8.750000e+01 2.839591e-02
8.760000e+01 2.830051e-02
8.770000e+01 2.820523e-02
8.780000e+01 2.811019e-02
8.790000e+01 2.801495e-02
8.800000e+01 2.792011e-02
8.810000e+01 2.782543e-02
8.820000e+01 2.772783e-02
8.830000e+01 2.763676e-02
8.840000e+01 2.754227e-02
8.850000e+01 2.744826e-02
8.860000e+01 2.735433e-02
8.870000e+01 2.726019e-02
8.880000e+01 2.716629e-02
8.890000e+01 2.707265e-02
8.900000e+01 2.697944e-02
8.910000e+01 2.688409e-02
8.920000e+01 2.678967e-02
8.930000e+01 2.669958e-02
8.940000e+01 2.660582e-02
8.950000e+01 2.651274e-02
8.960000e+01 2.641959e-02
8.970000e+01 2.632697e-02
8.980000e+01 2.623350e-02
8.990000e+01 2.614888e-02
9.000000e+01 2.604844e-02
9.010000e+01 2.595502e-02
9.020000e+01 2.586233e-02
9.030000e+01 2.577022e-02
9.040000e+01 2.567763e-02
9.050000e+01 2.558530e-02
9.060000e+01 2.549257e-02
9.070000e+01 2.540001e-02
9.080000e+01 2.530760e-02
9.090000e+01 2.521548e-02
9.100000e+01 2.512260e-02
9.110000e+01 2.503010e-02
9.120000e+01 2.493771e-02
9.130000e+01 2.484502e-02
9.140000e+01 2.475271e-02
9.150000e+01 2.465986e-02
9.160000e+01 2.456738e-02
9.170000e+01 2.447444e-02
9.180000e+01 2.438181e-02
9.190000e+01 2.428893e-02
9.200000e+01 2.419628e-02
9.210000e+01 2.410327e-02
9.220000e+01 2.401013e-02
9.230000e+01 2.391694e-02
9.240000e+01 2.382365e-02
9.250000e+01 2.373029e-02
9.260000e+01 2.363662e-02
9.270000e+01 2.354318e-02
9.280000e+01 2.344951e-02
9.290000e+01 2.335544e-02
9.300000e+01 2.326159e-02
9.310000e+01 2.316719e-02
9.320000e+01 2.307347e-02
9.330000e+01 2.297785e-02
9.340000e+01 2.288286e-02
9.350000e+01 2.278728e-02
9.360000e+01 2.269203e-02
9.370000e+01 2.259674e-02
9.380000e+01 2.250085e-02
9.390000e+01 2.241296e-02
9.400000e+01 2.230737e-02
9.410000e+01 2.221110e-02
9.420000e+01 2.211405e-02
9.430000e+01 2.201607e-02
9.440000e+01 2.191836e-02
9.450000e+01 2.181997e-02
9.460000e+01 2.172135e-02
9.470000e+01 2.162191e-02
9.480000e+01 2.152261e-02
9.490000e+01 2.142202e-02
9.500000e+01 2.131651e-02
9.510000e+01 2.122048e-02
9.520000e+01 2.111877e-02
9.530000e+01 2.101634e-02
9.540000e+01 2.091336e-02
9.550000e+01 2.080966e-02
9.560000e+01 2.070497e-02
9.570000e+01 2.060057e-02
9.580000e+01 2.049246e-02
9.590000e+01 2.038282e-02
9.600000e+01 2.028042e-02
9.610000e+01 2.017247e-02
9.620000e+01 2.006358e-02
9.630000e+01 1.995046e-02
9.640000e+01 1.984196e-02
9.650000e+01 1.972984e-02
9.660000e+01 1.961615e-02
9.670000e+01 1.950160e-02
9.680000e+01 1.938567e-02
9.690000e+01 1.926820e-02
9.700000e+01 1.914955e-02
9.710000e+01 1.902872e-02
9.720000e+01 1.890647e-02
9.730000e+01 1.878214e-02
9.740000e+01 1.865643e-02
9.750000e+01 1.852872e-02
9.760000e+01 1.839786e-02
9.770000e+01 1.826491e-02
9.780000e+01 1.812958e-02
9.790000e+01 1.799091e-02
9.800000e+01 1.784951e-02
9.810000e+01 1.770407e-02
9.820000e+01 1.755538e-02
9.830000e+01 1.740240e-02
9.840000e+01 1.724470e-02
9.850000e+01 1.708257e-02
9.860000e+01 1.691459e-02
9.870000e+01 1.674133e-02
9.880000e+01 1.656128e-02
9.890000e+01 1.637451e-02
9.900000e+01 1.617967e-02
9.910000e+01 1.597746e-02
9.920000e+01 1.576512e-02
9.930000e+01 1.554324e-02
9.940000e+01 1.531083e-02
9.950000e+01 1.506418e-02
9.960000e+01 1.480347e-02
9.970000e+01 1.452429e-02
9.980000e+01 1.421881e-02
9.990000e+01 1.387396e-02
1.000000e+02 1.346093e-02
1.001000e+02 1.303437e-02
1.002000e+02 1.270192e-02
1.003000e+02 1.238632e-02
1.004000e+02 1.212010e-02
1.005000e+02 1.187526e-02
1.006000e+02 1.161295e-02
1.007000e+02 1.140086e-02
1.008000e+02 1.119947e-02
1.009000e+02 1.100060e-02
1.010000e+02 1.078151e-02
1.011000e+02 1.062653e-02
1.012000e+02 1.045094e-02
1.013000e+02 1.029086e-02
1.014000e+02 1.013170e-02
1.015000e+02 9.952946e-03
1.016000e+02 9.820212e-03
1.017000e+02 9.689315e-03
1.018000e+02 9.560888e-03
1.019000e+02 9.433727e-03
1.020000e+02 9.306367e-03
1.021000e+02 9.162809e-03
1.022000e+02 9.053023e-03
1.023000e+02 8.947528e-03
1.024000e+02 8.842915e-03
1.025000e+02 8.740064e-03
1.026000e+02 8.637010e-03
1.027000e+02 8.533155e-03
1.028000e+02 8.420971e-03
1.029000e+02 8.321280e-03
1.030000e+02 8.233892e-03
1.031000e+02 8.147937e-03
1.032000e+02 8.062458e-03
1.033000e+02 7.977234e-03
1.034000e+02 7.892396e-03
1.035000e+02 7.805654e-03
1.036000e+02 7.714671e-03
1.037000e+02 7.623385e-03
1.038000e+02 7.550357e-03
1.039000e+02 7.478044e-03
1.040000e+02 7.406089e-03
1.041000e+02 7.334461e-03
1.042000e+02 7.262815e-03
1.043000e+02 7.186034e-03
1.044000e+02 7.118594e-03
1.045000e+02 7.043686e-03
1.046000e+02 6.958041e-03
1.047000e+02 6.896186e-03
1.048000e+02 6.834783e-03
1.049000e+02 6.773744e-03
1.050000e+02 6.716398e-03
1.051000e+02 6.652421e-03
1.052000e+02 6.591863e-03
1.053000e+02 6.531159e-03
1.054000e+02 6.470032e-03
1.055000e+02 6.407608e-03
1.056000e+02 6.341137e-03
1.057000e+02 6.273452e-03
1.058000e+02 6.224292e-03
1.059000e+02 6.169003e-03
1.060000e+02 6.117093e-03
1.061000e+02 6.065677e-03
1.062000e+02 6.013691e-03
1.063000e+02 5.962719e-03
1.064000e+02 5.911277e-03
1.065000e+02 5.859473e-03
1.066000e+02 5.807102e-03
1.067000e+02 5.753289e-03
1.068000e+02 5.695106e-03
1.069000e+02 5.638557e-03
1.070000e+02 5.594060e-03
1.071000e+02 5.549665e-03
1.072000e+02 5.505715e-03
1.073000e+02 5.461770e-03
1.074000e+02 5.417951e-03
1.075000e+02 5.374115e-03
1.076000e+02 5.330422e-03
1.077000e+02 5.286335e-03
1.078000e+02 5.242217e-03
1.079000e+02 5.197445e-03
1.080000e+02 5.151668e-03
1.081000e+02 5.102919e-03
1.082000e+02 5.050251e-03
1.083000e+02 5.012304e-03
1.084000e+02 4.974557e-03
1.085000e+02 4.937011e-03
1.086000e+02 4.899472e-03
1.087000e+02 4.862062e-03
1.088000e+02 4.824655e-03
1.089000e+02 4.787499e-03
1.090000e+02 4.750042e-03
1.091000e+02 4.712498e-03
1.092000e+02 4.674938e-03
1.093000e+02 4.637164e-03
1.094000e+02 4.598396e-03
1.095000e+02 4.558320e-03
1.096000e+02 4.513065e-03
1.097000e+02 4.473051e-03
1.098000e+02 4.440740e-03
1.099000e+02 4.408565e-03
1.100000e+02 4.376505e-03
1.101000e+02 4.344467e-03
1.102000e+02 4.312547e-03
1.103000e+02 4.280708e-03
1.104000e+02 4.248850e-03
1.105000e+02 4.216965e-03
1.106000e+02 4.185010e-03
1.107000e+02 4.152993e-03
1.108000e+02 4.120821e-03
1.109000e+02 4.088275e-03
1.110000e+02 4.054982e-03
1.111000e+02 4.020754e-03
1.112000e+02 3.982938e-03
1.113000e+02 3.945726e-03
1.114000e+02 3.918271e-03
1.115000e+02 3.890926e-03
1.116000e+02 3.863626e-03
1.117000e+02 3.836446e-03
1.118000e+02 3.809300e-03
1.119000e+02 3.782171e-03
1.120000e+02 3.755148e-03
1.121000e+02 3.728033e-03
1.122000e+02 3.701024e-03
1.123000e+02 3.673923e-03
1.124000e+02 3.646727e-03
1.125000e+02 3.619220e-03
1.126000e+02 3.591602e-03
1.127000e+02 3.563867e-03
1.128000e+02 3.535260e-03
1.129000e+02 3.505346e-03
1.130000e+02 3.469730e-03
1.131000e+02 3.442225e-03
1.132000e+02 3.419002e-03
1.133000e+02 3.395893e-03
1.134000e+02 3.372832e-03
1.135000e+02 3.349839e-03
1.136000e+02 3.326876e-03
1.137000e+02 3.303974e-03
1.138000e+02 3.281073e-03
1.139000e+02 3.258261e-03
1.140000e+02 3.235341e-03
1.141000e+02 3.212458e-03
1.142000e+02 3.189521e-03
1.143000e+02 3.166498e-03
1.144000e+02 3.143392e-03
1.145000e+02 3.120142e-03
1.146000e+02 3.096067e-03
1.147000e+02 3.072066e-03
1.148000e+02 3.046974e-03
1.149000e+02 3.019719e-03
1.150000e+02 2.989161e-03
1.151000e+02 2.969483e-03
1.152000e+02 2.949886e-03
1.153000e+02 2.930355e-03
1.154000e+02 2.911165e-03
1.155000e+02 2.891293e-03
1.156000e+02 2.871960e-03
1.157000e+02 2.852543e-03
1.158000e+02 2.833180e-03
1.159000e+02 2.813829e-03
1.160000e+02 2.794468e-03
1.161000e+02 2.774825e-03
1.162000e+02 2.755694e-03
1.163000e+02 2.736217e-03
1.164000e+02 2.716732e-03
1.165000e+02 2.697078e-03
1.166000e+02 2.677248e-03
1.167000e+02 2.657222e-03
1.168000e+02 2.636740e-03
1.169000e+02 2.615669e-03
1.170000e+02 2.590218e-03
1.171000e+02 2.564069e-03
1.172000e+02 2.547621e-03
1.173000e+02 2.531284e-03
1.174000e+02 2.514918e-03
1.175000e+02 2.498616e-03
1.176000e+02 2.482311e-03
1.177000e+02 2.466240e-03
1.178000e+02 2.449849e-03
1.179000e+02 2.433667e-03
1.180000e+02 2.417499e-03
1.181000e+02 2.401341e-03
1.182000e+02 2.385225e-03
1.183000e+02 2.369026e-03
1.184000e+02 2.352875e-03
1.185000e+02 2.336697e-03
1.186000e+02 2.320487e-03
1.187000e+02 2.304206e-03
1.188000e+02 2.287663e-03
1.189000e+02 2.268863e-03
1.190000e+02 2.255570e-03
1.191000e+02 2.237175e-03
1.192000e+02 2.219565e-03
1.193000e+02 2.200989e-03
1.194000e+02 2.179035e-03
1.195000e+02 2.160309e-03
1.196000e+02 2.146597e-03
1.197000e+02 2.132909e-03
1.198000e+02 2.119209e-03
1.199000e+02 2.105599e-03
1.200000e+02 2.087208e-03
1.201000e+02 2.078422e-03
1.202000e+02 2.064885e-03
1.203000e+02 2.051257e-03
1.204000e+02 2.037822e-03
1.205000e+02 2.024830e-03
1.206000e+02 2.010776e-03
1.207000e+02 1.997300e-03
1.208000e+02 1.983746e-03
1.209000e+02 1.970390e-03
1.210000e+02 1.956604e-03
1.211000e+02 1.943017e-03
1.212000e+02 1.929303e-03
1.213000e+02 1.915538e-03
1.214000e+02 1.901637e-03
1.215000e+02 1.887563e-03
1.216000e+02 1.873257e-03
1.217000e+02 1.858548e-03
1.218000e+02 1.842086e-03
1.219000e+02 1.826387e-03
1.220000e+02 1.805838e-03
1.221000e+02 1.794501e-03
1.222000e+02 1.783277e-03
1.223000e+02 1.772108e-03
1.224000e+02 1.760784e-03
1.225000e+02 1.749806e-03
1.226000e+02 1.738691e-03
1.227000e+02 1.727623e-03
1.228000e+02 1.716538e-03
1.229000e+02 1.705498e-03
1.230000e+02 1.694489e-03
1.231000e+02 1.683426e-03
1.232000e+02 1.672412e-03
1.233000e+02 1.661394e-03
1.234000e+02 1.650367e-03
1.235000e+02 1.639352e-03
1.236000e+02 1.628325e-03
1.237000e+02 1.617227e-03
1.238000e+02 1.606107e-03
1.239000e+02 1.594982e-03
1.240000e+02 1.583743e-03
1.241000e+02 1.572437e-03
1.242000e+02 1.561023e-03
1.243000e+02 1.549425e-03
1.244000e+02 1.537594e-03
1.245000e+02 1.525368e-03
1.246000e+02 1.512292e-03
1.247000e+02 1.497460e-03
1.248000e+02 1.480779e-03
1.249000e+02 1.471554e-03
1.250000e+02 1.462331e-03
1.251000e+02 1.453131e-03
1.252000e+02 1.443963e-03
1.253000e+02 1.434814e-03
1.254000e+02 1.425680e-03
1.255000e+02 1.416558e-03
1.256000e+02 1.407464e-03
1.257000e+02 1.398855e-03
1.258000e+02 1.389271e-03
1.259000e+02 1.380210e-03
1.260000e+02 1.371173e-03
1.261000e+02 1.362171e-03
1.262000e+02 1.353076e-03
1.263000e+02 1.344003e-03
1.264000e+02 1.334947e-03
1.265000e+02 1.325875e-03
1.266000e+02 1.316785e-03
1.267000e+02 1.307672e-03
1.268000e+02 1.298500e-03
1.269000e+02 1.289279e-03
1.270000e+02 1.280038e-03
1.271000e+02 1.270704e-03
1.272000e+02 1.261269e-03
1.273000e+02 1.251687e-03
1.274000e+02 1.241902e-03
1.275000e+02 1.231840e-03
1.276000e+02 1.221259e-03
1.277000e+02 1.209691e-03
1.278000e+02 1.193218e-03
1.279000e+02 1.185945e-03
1.280000e+02 1.178691e-03
1.281000e+02 1.171476e-03
1.282000e+02 1.164266e-03
1.283000e+02 1.157082e-03
1.284000e+02 1.149909e-03
1.285000e+02 1.142775e-03
1.286000e+02 1.135674e-03
1.287000e+02 1.128563e-03
1.288000e+02 1.121451e-03
1.289000e+02 1.114491e-03
1.290000e+02 1.107358e-03
1.291000e+02 1.100363e-03
1.292000e+02 1.093348e-03
1.293000e+02 1.086377e-03
1.294000e+02 1.079195e-03
1.295000e+02 1.071822e-03
1.296000e+02 1.064458e-03
1.297000e+02 1.057082e-03
1.298000e+02 1.049672e-03
1.299000e+02 1.042240e-03
1.300000e+02 1.034800e-03
1.301000e+02 1.027320e-03
1.302000e+02 1.019796e-03
1.303000e+02 1.012212e-03
1.304000e+02 1.004556e-03
1.305000e+02 9.968096e-04
1.306000e+02 9.889726e-04
1.307000e+02 9.809105e-04
1.308000e+02 9.726238e-04
1.309000e+02 9.638894e-04
1.310000e+02 9.545481e-04
1.311000e+02 9.425348e-04
1.312000e+02 9.333117e-04
1.313000e+02 9.275015e-04
1.314000e+02 9.217193e-04
1.315000e+02 9.159383e-04
1.316000e+02 9.101910e-04
1.317000e+02 9.044283e-04
1.318000e+02 8.987388e-04
1.319000e+02 8.930236e-04
1.320000e+02 8.873285e-04
1.321000e+02 8.816734e-04
1.322000e+02 8.753816e-04
1.323000e+02 8.703642e-04
1.324000e+02 8.647233e-04
1.325000e+02 8.591182e-04
1.326000e+02 8.535262e-04
1.327000e+02 8.479006e-04
1.328000e+02 8.423142e-04
1.329000e+02 8.367335e-04
1.330000e+02 8.311645e-04
1.331000e+02 8.254157e-04
1.332000e+02 8.200382e-04
1.333000e+02 8.145132e-04
1.334000e+02 8.089354e-04
1.335000e+02 8.033696e-04
1.336000e+02 7.978084e-04
1.337000e+02 7.930994e-04
1.338000e+02 7.866533e-04
1.339000e+02 7.810538e-04
1.340000e+02 7.754404e-04
1.341000e+02 7.695041e-04
1.342000e+02 7.630979e-04
1.343000e+02 7.565891e-04
1.344000e+02 7.498617e-04
1.345000e+02 7.428377e-04
1.346000e+02 7.352992e-04
1.347000e+02 7.263817e-04
1.348000e+02 7.160109e-04
1.349000e+02 7.114190e-04
1.350000e+02 7.068649e-04
1.351000e+02 7.023056e-04
1.352000e+02 6.977715e-04
1.353000e+02 6.932451e-04
1.354000e+02 6.887039e-04
1.355000e+02 6.842284e-04
1.356000e+02 6.797458e-04
1.357000e+02 6.752534e-04
1.358000e+02 6.707757e-04
1.359000e+02 6.663278e-04
1.360000e+02 6.618776e-04
1.361000e+02 6.574408e-04
1.362000e+02 6.530107e-04
1.363000e+02 6.485895e-04
1.364000e+02 6.441757e-04
1.365000e+02 6.397721e-04
1.366000e+02 6.353714e-04
1.367000e+02 6.309839e-04
1.368000e+02 6.265942e-04
1.369000e+02 6.222127e-04
1.370000e+02 6.178325e-04
1.371000e+02 6.135169e-04
1.372000e+02 6.090807e-04
1.373000e+02 6.047343e-04
1.374000e+02 6.003124e-04
1.375000e+02 5.959312e-04
1.376000e+02 5.915330e-04
1.377000e+02 5.871370e-04
1.378000e+02 5.826685e-04
1.379000e+02 5.782798e-04
1.380000e+02 5.738124e-04
1.381000e+02 5.694529e-04
1.382000e+02 5.647704e-04
1.383000e+02 5.601727e-04
1.384000e+02 5.554927e-04
1.385000e+02 5.506382e-04
1.386000e+02 5.455357e-04
1.387000e+02 5.381901e-04
1.388000e+02 5.301883e-04
1.389000e+02 5.266470e-04
1.390000e+02 5.231035e-04
1.391000e+02 5.195704e-04
1.392000e+02 5.161251e-04
1.393000e+02 5.125550e-04
1.394000e+02 5.090603e-04
1.395000e+02 5.055695e-04
1.396000e+02 5.020900e-04
1.397000e+02 4.986181e-04
1.398000e+02 4.951520e-04
1.399000e+02 4.916978e-04
1.400000e+02 4.882512e-04
1.401000e+02 4.848082e-04
1.402000e+02 4.813634e-04
1.403000e+02 4.779447e-04
1.404000e+02 4.745256e-04
1.405000e+02 4.711071e-04
1.406000e+02 4.676981e-04
1.407000e+02 4.642975e-04
1.408000e+02 4.608906e-04
1.409000e+02 4.574985e-04
1.410000e+02 4.540944e-04
1.411000e+02 4.507027e-04
1.412000e+02 4.473105e-04
1.413000e+02 4.439201e-04
1.414000e+02 4.405278e-04
1.415000e+02 4.371325e-04
1.416000e+02 4.337416e-04
1.417000e+02 4.303242e-04
1.418000e+02 4.269293e-04
1.419000e+02 4.235183e-04
1.420000e+02 4.200982e-04
1.421000e+02 4.166674e-04
1.422000e+02 4.132047e-04
1.423000e+02 4.097299e-04
1.424000e+02 4.062275e-04
1.425000e+02 4.026922e-04
1.426000e+02 3.991055e-04
1.427000e+02 3.954561e-04
1.428000e+02 3.917114e-04
1.429000e+02 3.878093e-04
1.430000e+02 3.835982e-04
1.431000e+02 3.794521e-04
1.432000e+02 3.767529e-04
1.433000e+02 3.744565e-04
1.434000e+02 3.713798e-04
1.435000e+02 3.687026e-04
1.436000e+02 3.660321e-04
1.437000e+02 3.633712e-04
1.438000e+02 3.607159e-04
1.439000e+02 3.580548e-04
1.440000e+02 3.554212e-04
1.441000e+02 3.528104e-04
1.442000e+02 3.501672e-04
1.443000e+02 3.475189e-04
1.444000e+02 3.449035e-04
1.445000e+02 3.422860e-04
1.446000e+02 3.396781e-04
1.447000e+02 3.370614e-04
1.448000e+02 3.344649e-04
1.449000e+02 3.318679e-04
1.450000e+02 3.292690e-04
1.451000e+02 3.266776e-04
1.452000e+02 3.240882e-04
1.453000e+02 3.215025e-04
1.454000e+02 3.189203e-04
1.455000e+02 3.163356e-04
1.456000e+02 3.137574e-04
1.457000e+02 3.111753e-04
1.458000e+02 3.085972e-04
1.459000e+02 3.060150e-04
1.460000e+02 3.034413e-04
1.461000e+02 3.008573e-04
1.462000e+02 2.982712e-04
1.463000e+02 2.956837e-04
1.464000e+02 2.930904e-04
1.465000e+02 2.904966e-04
1.466000e+02 2.878889e-04
1.467000e+02 2.852736e-04
1.468000e+02 2.826500e-04
1.469000e+02 2.800095e-04
1.470000e+02 2.773533e-04
1.471000e+02 2.746747e-04
1.472000e+02 2.719707e-04
1.473000e+02 2.692358e-04
1.474000e+02 2.667151e-04
1.475000e+02 2.646823e-04
1.476000e+02 2.626636e-04
1.477000e+02 2.606398e-04
1.478000e+02 2.586277e-04
1.479000e+02 2.566239e-04
1.480000e+02 2.546194e-04
1.481000e+02 2.526178e-04
1.482000e+02 2.506270e-04
1.483000e+02 2.486359e-04
1.484000e+02 2.466489e-04
1.485000e+02 2.446699e-04
1.486000e+02 2.426966e-04
1.487000e+02 2.406901e-04
1.488000e+02 2.387781e-04
1.489000e+02 2.367931e-04
1.490000e+02 2.348333e-04
1.491000e+02 2.328761e-04
1.492000e+02 2.309268e-04
1.493000e+02 2.289831e-04
1.494000e+02 2.270308e-04
1.495000e+02 2.259118e-04
1.496000e+02 2.231733e-04
1.497000e+02 2.212110e-04
1.498000e+02 2.192748e-04
1.499000e+02 2.173377e-04
1.500000e+02 2.154132e-04
1.501000e+02 2.134829e-04
1.502000e+02 2.115589e-04
1.503000e+02 2.096360e-04
1.504000e+02 2.077102e-04
1.505000e+02 2.057883e-04
1.506000e+02 2.038671e-04
1.507000e+02 2.019423e-04
1.508000e+02 2.000192e-04
1.509000e+02 1.980981e-04
1.510000e+02 1.961738e-04
1.511000e+02 1.942480e-04
1.512000e+02 1.923214e-04
1.513000e+02 1.903919e-04
1.514000e+02 1.884586e-04
1.515000e+02 1.865205e-04
1.516000e+02 1.849219e-04
1.517000e+02 1.834097e-04
1.518000e+02 1.819006e-04
1.519000e+02 1.803956e-04
1.520000e+02 1.788971e-04
1.521000e+02 1.774008e-04
1.522000e+02 1.759103e-04
1.523000e+02 1.744225e-04
1.524000e+02 1.729377e-04
1.525000e+02 1.714566e-04
1.526000e+02 1.699741e-04
1.527000e+02 1.685061e-04
1.528000e+02 1.670358e-04
1.529000e+02 1.655679e-04
1.530000e+02 1.641060e-04
1.531000e+02 1.626474e-04
1.532000e+02 1.611955e-04
1.533000e+02 1.597372e-04
1.534000e+02 1.582865e-04
1.535000e+02 1.568392e-04
1.536000e+02 1.553969e-04
1.537000e+02 1.539555e-04
1.538000e+02 1.525150e-04
1.539000e+02 1.510800e-04
1.540000e+02 1.496463e-04
1.541000e+02 1.482161e-04
1.542000e+02 1.467901e-04
1.543000e+02 1.453637e-04
1.544000e+02 1.439421e-04
1.545000e+02 1.432144e-04
1.546000e+02 1.411026e-04
1.547000e+02 1.396863e-04
1.548000e+02 1.382697e-04
1.549000e+02 1.368561e-04
1.550000e+02 1.354453e-04
1.551000e+02 1.340370e-04
1.552000e+02 1.326284e-04
1.553000e+02 1.312202e-04
1.554000e+02 1.298138e-04
1.555000e+02 1.284097e-04
1.556000e+02 1.272162e-04
1.557000e+02 1.260988e-04
1.558000e+02 1.249828e-04
1.559000e+02 1.238722e-04
1.560000e+02 1.227633e-04
1.561000e+02 1.216580e-04
1.562000e+02 1.205556e-04
1.563000e+02 1.194566e-04
1.564000e+02 1.183604e-04
1.565000e+02 1.172686e-04
1.566000e+02 1.161756e-04
1.567000e+02 1.150891e-04
1.568000e+02 1.140032e-04
1.569000e+02 1.129216e-04
1.570000e+02 1.118419e-04
1.571000e+02 1.107664e-04
1.572000e+02 1.096919e-04
1.573000e+02 1.086225e-04
1.574000e+02 1.075538e-04
1.575000e+02 1.064907e-04
1.576000e+02 1.054248e-04
1.577000e+02 1.043642e-04
1.578000e+02 1.033048e-04
1.579000e+02 1.022483e-04
1.580000e+02 1.011963e-04
1.581000e+02 1.001453e-04
1.582000e+02 9.912751e-05
1.583000e+02 9.805061e-05
1.584000e+02 9.700678e-05
1.585000e+02 9.596452e-05
1.586000e+02 9.492465e-05
1.587000e+02 9.388706e-05
1.588000e+02 9.285078e-05
1.589000e+02 9.181768e-05
1.590000e+02 9.078634e-05
1.591000e+02 8.975537e-05
1.592000e+02 8.872768e-05
1.593000e+02 8.770284e-05
1.594000e+02 8.671918e-05
1.595000e+02 8.590035e-05
1.596000e+02 8.508304e-05
1.597000e+02 8.426614e-05
1.598000e+02 8.345550e-05
1.599000e+02 8.264617e-05
1.600000e+02 8.183867e-05
1.601000e+02 8.103300e-05
1.602000e+02 8.023091e-05
1.603000e+02 7.943019e-05
1.604000e+02 7.863228e-05
1.605000e+02 7.783627e-05
1.606000e+02 7.704178e-05
1.607000e+02 7.625032e-05
1.608000e+02 7.546203e-05
1.609000e+02 7.467429e-05
1.610000e+02 7.388948e-05
1.611000e+02 7.312387e-05
1.612000e+02 7.232554e-05
1.613000e+02 7.154586e-05
1.614000e+02 7.077015e-05
1.615000e+02 6.999583e-05
1.616000e+02 6.922238e-05
1.617000e+02 6.845247e-05
1.618000e+02 6.768352e-05
1.619000e+02 6.691669e-05
1.620000e+02 6.615159e-05
1.621000e+02 6.538963e-05
1.622000e+02 6.462729e-05
1.623000e+02 6.386941e-05
1.624000e+02 6.311122e-05
1.625000e+02 6.235602e-05
1.626000e+02 6.160274e-05
1.627000e+02 6.085062e-05
1.628000e+02 6.010031e-05
1.629000e+02 5.935166e-05
1.630000e+02 5.860532e-05
1.631000e+02 5.789397e-05
1.632000e+02 5.730140e-05
1.633000e+02 5.670947e-05
1.634000e+02 5.612014e-05
1.635000e+02 5.553216e-05
1.636000e+02 5.494687e-05
1.637000e+02 5.436238e-05
1.638000e+02 5.378124e-05
1.639000e+02 5.319995e-05
1.640000e+02 5.262123e-05
1.641000e+02 5.204465e-05
1.642000e+02 5.146895e-05
1.643000e+02 5.089549e-05
1.644000e+02 5.032377e-05
1.645000e+02 4.975001e-05
1.646000e+02 4.918519e-05
1.647000e+02 4.861769e-05
1.648000e+02 4.805207e-05
1.649000e+02 4.748822e-05
1.650000e+02 4.692668e-05
1.651000e+02 4.636580e-05
1.652000e+02 4.580702e-05
1.653000e+02 4.524942e-05
1.654000e+02 4.469379e-05
1.655000e+02 4.413913e-05
1.656000e+02 4.358613e-05
1.657000e+02 4.303433e-05
1.658000e+02 4.248490e-05
1.659000e+02 4.193652e-05
1.660000e+02 4.138940e-05
1.661000e+02 4.084358e-05
1.662000e+02 4.029914e-05
1.663000e+02 3.975688e-05
1.664000e+02 3.921576e-05
1.665000e+02 3.867570e-05
1.666000e+02 3.813718e-05
1.667000e+02 3.769441e-05
1.668000e+02 3.727157e-05
1.669000e+02 3.685016e-05
1.670000e+02 3.643046e-05
1.671000e+02 3.601156e-05
1.672000e+02 3.559436e-05
1.673000e+02 3.517809e-05
1.674000e+02 3.476348e-05
1.675000e+02 3.434976e-05
1.676000e+02 3.393793e-05
1.677000e+02 3.352656e-05
1.678000e+02 3.311702e-05
1.679000e+02 3.272127e-05
1.680000e+02 3.230122e-05
1.681000e+02 3.189548e-05
1.682000e+02 3.149039e-05
1.683000e+02 3.108675e-05
1.684000e+02 3.068476e-05
1.685000e+02 3.028477e-05
1.686000e+02 2.988347e-05
1.687000e+02 2.948434e-05
1.688000e+02 2.908673e-05
1.689000e+02 2.868998e-05
1.690000e+02 2.829418e-05
1.691000e+02 2.790027e-05
1.692000e+02 2.750713e-05
1.693000e+02 2.711499e-05
1.694000e+02 2.672435e-05
1.695000e+02 2.633355e-05
1.696000e+02 2.594400e-05
1.697000e+02 2.555762e-05
1.698000e+02 2.517110e-05
1.699000e+02 2.478537e-05
1.700000e+02 2.440715e-05
1.701000e+02 2.410946e-05
1.702000e+02 2.381213e-05
1.703000e+02 2.351608e-05
1.704000e+02 2.322126e-05
1.705000e+02 2.292690e-05
1.706000e+02 2.263396e-05
1.707000e+02 2.234155e-05
1.708000e+02 2.205034e-05
1.709000e+02 2.175975e-05
1.710000e+02 2.147029e-05
1.711000e+02 2.118181e-05
1.712000e+02 2.089326e-05
1.713000e+02 2.060710e-05
1.714000e+02 2.032144e-05
1.715000e+02 2.003640e-05
1.716000e+02 1.975221e-05
1.717000e+02 1.946899e-05
1.718000e+02 1.918655e-05
1.719000e+02 1.890495e-05
1.720000e+02 1.862411e-05
1.721000e+02 1.834431e-05
1.722000e+02 1.806528e-05
1.723000e+02 1.778697e-05
1.724000e+02 1.750970e-05
1.725000e+02 1.723307e-05
1.726000e+02 1.695737e-05
1.727000e+02 1.668219e-05
1.728000e+02 1.640827e-05
1.729000e+02 1.613529e-05
1.730000e+02 1.586243e-05
1.731000e+02 1.559041e-05
1.732000e+02 1.531970e-05
1.733000e+02 1.511180e-05
1.734000e+02 1.490640e-05
1.735000e+02 1.470209e-05
1.736000e+02 1.449836e-05
1.737000e+02 1.429510e-05
1.738000e+02 1.409270e-05
1.739000e+02 1.389049e-05
1.740000e+02 1.368961e-05
1.741000e+02 1.348886e-05
1.742000e+02 1.328893e-05
1.743000e+02 1.308959e-05
1.744000e+02 1.289089e-05
1.745000e+02 1.269124e-05
1.746000e+02 1.249553e-05
1.747000e+02 1.229882e-05
1.748000e+02 1.210258e-05
1.749000e+02 1.190695e-05
1.750000e+02 1.171204e-05
1.751000e+02 1.151763e-05
1.752000e+02 1.132381e-05
1.753000e+02 1.113067e-05
1.754000e+02 1.093816e-05
1.755000e+02 1.074620e-05
1.756000e+02 1.055484e-05
1.757000e+02 1.036384e-05
1.758000e+02 1.017363e-05
1.759000e+02 9.984146e-06
1.760000e+02 9.795075e-06
1.761000e+02 9.606440e-06
1.762000e+02 9.418596e-06
1.763000e+02 9.258097e-06
1.764000e+02 9.118990e-06
1.765000e+02 8.979722e-06
1.766000e+02 8.842320e-06
1.767000e+02 8.704937e-06
1.768000e+02 8.567553e-06
1.769000e+02 8.430846e-06
1.770000e+02 8.294582e-06
1.771000e+02 8.158696e-06
1.772000e+02 8.023379e-06
1.773000e+02 7.888416e-06
1.774000e+02 7.753959e-06
1.775000e+02 7.619792e-06
1.776000e+02 7.486173e-06
1.777000e+02 7.352839e-06
1.778000e+02 7.220230e-06
1.779000e+02 7.087953e-06
1.780000e+02 6.955882e-06
1.781000e+02 6.824326e-06
1.782000e+02 6.693210e-06
1.783000e+02 6.562495e-06
1.784000e+02 6.432227e-06
1.785000e+02 6.302254e-06
1.786000e+02 6.172831e-06
1.787000e+02 6.043759e-06
1.788000e+02 5.915068e-06
1.789000e+02 5.786692e-06
1.790000e+02 5.658820e-06
1.791000e+02 5.531202e-06
1.792000e+02 5.434958e-06
1.793000e+02 5.343260e-06
1.794000e+02 5.251873e-06
1.795000e+02 5.160892e-06
1.796000e+02 5.070056e-06
1.797000e+02 4.979759e-06
1.798000e+02 4.889457e-06
1.799000e+02 4.799558e-06
1.800000e+02 4.710003e-06
1.801000e+02 4.620760e-06
1.802000e+02 4.531688e-06
1.803000e+02 4.443107e-06
1.804000e+02 4.354654e-06
1.805000e+02 4.266577e-06
1.806000e+02 4.178740e-06
1.807000e+02 4.091203e-06
1.808000e+02 4.003864e-06
1.809000e+02 3.917026e-06
1.810000e+02 3.830249e-06
1.811000e+02 3.743808e-06
1.812000e+02 3.657689e-06
1.813000e+02 3.571793e-06
1.814000e+02 3.486208e-06
1.815000e+02 3.400890e-06
1.816000e+02 3.315785e-06
1.817000e+02 3.230973e-06
1.818000e+02 3.146402e-06
1.819000e+02 3.085931e-06
1.820000e+02 3.027044e-06
1.821000e+02 2.968434e-06
1.822000e+02 2.910018e-06
1.823000e+02 2.851782e-06
1.824000e+02 2.793761e-06
1.825000e+02 2.735898e-06
1.826000e+02 2.678916e-06
1.827000e+02 2.620784e-06
1.828000e+02 2.563547e-06
1.829000e+02 2.506454e-06
1.830000e+02 2.449581e-06
1.831000e+02 2.392853e-06
1.832000e+02 2.336402e-06
1.833000e+02 2.280068e-06
1.834000e+02 2.223885e-06
1.835000e+02 2.167943e-06
1.836000e+02 2.112133e-06
1.837000e+02 2.056558e-06
1.838000e+02 2.001146e-06
1.839000e+02 1.945918e-06
1.840000e+02 1.890837e-06
1.841000e+02 1.835958e-06
1.842000e+02 1.781235e-06
1.843000e+02 1.726689e-06
1.844000e+02 1.686147e-06
1.845000e+02 1.649625e-06
1.846000e+02 1.613245e-06
1.847000e+02 1.576966e-06
1.848000e+02 1.540737e-06
1.849000e+02 1.504762e-06
1.850000e+02 1.468836e-06
1.851000e+02 1.433028e-06
1.852000e+02 1.397354e-06
1.853000e+02 1.361805e-06
1.854000e+02 1.326385e-06
1.855000e+02 1.291058e-06
1.856000e+02 1.255852e-06
1.857000e+02 1.220755e-06
1.858000e+02 1.185796e-06
1.859000e+02 1.150939e-06
1.860000e+02 1.116196e-06
1.861000e+02 1.081573e-06
1.862000e+02 1.047060e-06
1.863000e+02 1.012658e-06
1.864000e+02 9.783872e-07
1.865000e+02 9.442076e-07
1.866000e+02 9.101536e-07
1.867000e+02 8.812990e-07
1.868000e+02 8.594701e-07
1.869000e+02 8.377195e-07
1.870000e+02 8.160281e-07
1.871000e+02 7.944269e-07
1.872000e+02 7.729041e-07
1.873000e+02 7.514670e-07
1.874000e+02 7.300771e-07
1.875000e+02 7.087674e-07
1.876000e+02 6.875413e-07
1.877000e+02 6.663719e-07
1.878000e+02 6.452764e-07
1.879000e+02 6.242721e-07
1.880000e+02 6.033152e-07
1.881000e+02 5.824324e-07
1.882000e+02 5.616300e-07
1.883000e+02 5.408878e-07
1.884000e+02 5.202105e-07
1.885000e+02 4.995987e-07
1.886000e+02 4.790645e-07
1.887000e+02 4.586103e-07
1.888000e+02 4.381933e-07
1.889000e+02 4.248676e-07
1.890000e+02 4.124734e-07
1.891000e+02 4.001098e-07
1.892000e+02 3.878028e-07
1.893000e+02 3.755307e-07
1.894000e+02 3.632962e-07
1.895000e+02 3.511266e-07
1.896000e+02 3.389719e-07
1.897000e+02 3.268733e-07
1.898000e+02 3.148119e-07
1.899000e+02 3.027909e-07
1.900000e+02 2.908101e-07
1.901000e+02 2.788724e-07
1.902000e+02 2.669724e-07
1.903000e+02 2.551082e-07
1.904000e+02 2.432893e-07
1.905000e+02 2.315117e-07
1.906000e+02 2.197701e-07
1.907000e+02 2.080700e-07
1.908000e+02 1.973884e-07
1.909000e+02 1.907109e-07
1.910000e+02 1.840569e-07
1.911000e+02 1.774307e-07
1.912000e+02 1.708265e-07
1.913000e+02 1.642391e-07
1.914000e+02 1.576784e-07
1.915000e+02 1.511388e-07
1.916000e+02 1.446231e-07
1.917000e+02 1.381287e-07
1.918000e+02 1.316610e-07
1.919000e+02 1.252083e-07
1.920000e+02 1.187821e-07
1.921000e+02 1.123773e-07
1.922000e+02 1.059909e-07
1.923000e+02 9.962968e-08
1.924000e+02 9.329041e-08
1.925000e+02 8.696426e-08
1.926000e+02 8.176748e-08
1.927000e+02 7.843034e-08
1.928000e+02 7.510382e-08
1.929000e+02 7.178976e-08
1.930000e+02 6.848771e-08
1.931000e+02 6.519738e-08
1.932000e+02 6.191578e-08
1.933000e+02 5.864710e-08
1.934000e+02 5.538775e-08
1.935000e+02 5.214177e-08
1.936000e+02 4.890727e-08
1.937000e+02 4.568356e-08
1.938000e+02 4.247074e-08
1.939000e+02 3.926906e-08
1.940000e+02 3.607753e-08
1.941000e+02 3.289713e-08
1.942000e+02 3.042891e-08
1.943000e+02 2.890419e-08
1.944000e+02 2.738461e-08
1.945000e+02 2.586838e-08
1.946000e+02 2.435881e-08
1.947000e+02 2.285529e-08
1.948000e+02 2.135633e-08
1.949000e+02 1.986195e-08
1.950000e+02 1.837353e-08
1.951000e+02 1.688986e-08
1.952000e+02 1.541154e-08
1.953000e+02 1.393815e-08
1.954000e+02 1.247020e-08
1.955000e+02 1.100692e-08
1.956000e+02 9.867223e-09
1.957000e+02 9.247316e-09
1.958000e+02 8.629909e-09
1.959000e+02 8.014043e-09
1.960000e+02 7.400683e-09
1.961000e+02 6.789386e-09
1.962000e+02 6.180279e-09
1.963000e+02 5.573401e-09
1.964000e+02 4.968405e-09
1.965000e+02 4.365729e-09
1.966000e+02 3.764942e-09
1.967000e+02 3.166317e-09
1.968000e+02 2.663040e-09
1.969000e+02 2.448498e-09
1.970000e+02 2.234534e-09
1.971000e+02 2.021439e-09
1.972000e+02 1.809143e-09
1.973000e+02 1.597501e-09
1.974000e+02 1.386622e-09
1.975000e+02 1.176490e-09
1.976000e+02 9.671033e-10
1.977000e+02 7.584224e-10
1.978000e+02 5.551296e-10
1.979000e+02 4.961985e-10
1.980000e+02 4.374731e-10
1.981000e+02 3.789720e-10
1.982000e+02 3.206502e-10
1.983000e+02 2.625496e-10
1.984000e+02 2.046452e-10
1.985000e+02 1.469528e-10
1.986000e+02 8.946296e-11
1.987000e+02 6.671881e-11
1.988000e+02 5.554560e-11
1.989000e+02 4.440880e-11
1.990000e+02 3.331426e-11
1.991000e+02 2.225700e-11
1.992000e+02 1.124068e-11
1.993000e+02 4.312800e-12
1.994000e+02 3.234485e-12
1.995000e+02 2.160121e-12
1.996000e+02 1.089508e-12
1.997000e+02 3.968465e-14
1.998000e+02 2.329430e-14
1.999000e+02 6.962877e-15
2.000000e+02 0.000000e+00
