1.000000e-04 7.242998e-03
1.100000e-03 8.748854e-01
2.100000e-03 3.174721e+00
3.100000e-03 6.871932e+00
4.100000e-03 1.191502e+01
5.100000e-03 1.824033e+01
6.100000e-03 2.577454e+01
7.100000e-03 3.443811e+01
8.100000e-03 4.414631e+01
9.100000e-03 5.481245e+01
1.010000e-02 6.634893e+01
1.110000e-02 7.866991e+01
1.210000e-02 9.168827e+01
1.310000e-02 1.053228e+02
1.410000e-02 1.194924e+02
1.510000e-02 1.341216e+02
1.610000e-02 1.491416e+02
1.710000e-02 1.644823e+02
1.810000e-02 1.800812e+02
1.910000e-02 1.958852e+02
2.010000e-02 2.118379e+02
2.110000e-02 2.278903e+02
2.210000e-02 2.440058e+02
2.310000e-02 2.601401e+02
2.410000e-02 2.762584e+02
2.510000e-02 2.923245e+02
2.610000e-02 3.083445e+02
2.710000e-02 3.242605e+02
2.810000e-02 3.400610e+02
2.910000e-02 3.557391e+02
3.010000e-02 3.712721e+02
3.110000e-02 3.866511e+02
3.210000e-02 4.018740e+02
3.310000e-02 4.169248e+02
3.410000e-02 4.318032e+02
3.510000e-02 4.464987e+02
3.610000e-02 4.610004e+02
3.710000e-02 4.753554e+02
3.810000e-02 4.895066e+02
3.910000e-02 5.034699e+02
4.010000e-02 5.172538e+02
4.110000e-02 5.308510e+02
4.210000e-02 5.442612e+02
4.310000e-02 5.574842e+02
4.410000e-02 5.705293e+02
4.510000e-02 5.833848e+02
4.610000e-02 5.960572e+02
4.710000e-02 6.085395e+02
4.810000e-02 6.208420e+02
4.910000e-02 6.329550e+02
5.010000e-02 6.448779e+02
5.110000e-02 6.566125e+02
5.210000e-02 6.681509e+02
5.310000e-02 6.795018e+02
5.410000e-02 6.906542e+02
5.510000e-02 7.016067e+02
5.610000e-02 7.123560e+02
5.710000e-02 7.229084e+02
5.810000e-02 7.332513e+02
5.910000e-02 7.433861e+02
6.010000e-02 7.533087e+02
6.110000e-02 7.630153e+02
6.210000e-02 7.725131e+02
6.310000e-02 7.817900e+02
6.410000e-02 7.908477e+02
6.510000e-02 7.996812e+02
6.610000e-02 8.082962e+02
6.710000e-02 8.166912e+02
6.810000e-02 8.248610e+02
6.910000e-02 8.328071e+02
7.010000e-02 8.404979e+02
7.110000e-02 8.480313e+02
7.210000e-02 8.551487e+02
7.310000e-02 8.623794e+02
7.410000e-02 8.692268e+02
7.510000e-02 8.758572e+02
7.610000e-02 8.822848e+02
7.710000e-02 8.885020e+02
7.810000e-02 8.945159e+02
7.910000e-02 9.003314e+02
8.010000e-02 9.059489e+02
8.110000e-02 9.113836e+02
8.210000e-02 9.166324e+02
8.310000e-02 9.217014e+02
8.410000e-02 9.265968e+02
8.510000e-02 9.313210e+02
8.610000e-02 9.358891e+02
8.710000e-02 9.402990e+02
8.810000e-02 9.445573e+02
8.910000e-02 9.486707e+02
9.010000e-02 9.526417e+02
9.110000e-02 9.564845e+02
9.210000e-02 9.601974e+02
9.310000e-02 9.637866e+02
9.410000e-02 9.672580e+02
9.510000e-02 9.705850e+02
9.610000e-02 9.738663e+02
9.710000e-02 9.770136e+02
9.810000e-02 9.799081e+02
9.910000e-02 9.830124e+02
1.001000e-01 9.858696e+02
1.011000e-01 9.886427e+02
1.021000e-01 9.913291e+02
1.031000e-01 9.939322e+02
1.041000e-01 9.964556e+02
1.051000e-01 9.988980e+02
1.061000e-01 1.001269e+03
1.071000e-01 1.003564e+03
1.081000e-01 1.005786e+03
1.091000e-01 1.007936e+03
1.101000e-01 1.010013e+03
1.111000e-01 1.012024e+03
1.121000e-01 1.013964e+03
1.131000e-01 1.015834e+03
1.141000e-01 1.017636e+03
1.151000e-01 1.019366e+03
1.161000e-01 1.021032e+03
1.171000e-01 1.022627e+03
1.181000e-01 1.024153e+03
1.191000e-01 1.025609e+03
1.201000e-01 1.026994e+03
1.211000e-01 1.028313e+03
1.221000e-01 1.029563e+03
1.231000e-01 1.030740e+03
1.241000e-01 1.031844e+03
1.251000e-01 1.032879e+03
1.261000e-01 1.033847e+03
1.271000e-01 1.034746e+03
1.281000e-01 1.035571e+03
1.291000e-01 1.036325e+03
1.301000e-01 1.037011e+03
1.311000e-01 1.037598e+03
1.321000e-01 1.038183e+03
1.331000e-01 1.038665e+03
1.341000e-01 1.039080e+03
1.351000e-01 1.039431e+03
1.361000e-01 1.039720e+03
1.371000e-01 1.039944e+03
1.381000e-01 1.040104e+03
1.391000e-01 1.040205e+03
1.401000e-01 1.040249e+03
1.411000e-01 1.040204e+03
1.421000e-01 1.040167e+03
1.431000e-01 1.040042e+03
1.441000e-01 1.039868e+03
1.451000e-01 1.039644e+03
1.461000e-01 1.039372e+03
1.471000e-01 1.039052e+03
1.481000e-01 1.038688e+03
1.491000e-01 1.038283e+03
1.501000e-01 1.037838e+03
1.511000e-01 1.037325e+03
1.521000e-01 1.036831e+03
1.531000e-01 1.036275e+03
1.541000e-01 1.035687e+03
1.551000e-01 1.035066e+03
1.561000e-01 1.034415e+03
1.571000e-01 1.033737e+03
1.581000e-01 1.033032e+03
1.591000e-01 1.032302e+03
1.601000e-01 1.031547e+03
1.611000e-01 1.030746e+03
1.621000e-01 1.029971e+03
1.631000e-01 1.029151e+03
1.641000e-01 1.028311e+03
1.651000e-01 1.026955e+03
1.661000e-01 1.026576e+03
1.671000e-01 1.025681e+03
1.681000e-01 1.024769e+03
1.691000e-01 1.023841e+03
1.701000e-01 1.022872e+03
1.711000e-01 1.021936e+03
1.721000e-01 1.020960e+03
1.731000e-01 1.019968e+03
1.741000e-01 1.018960e+03
1.751000e-01 1.017937e+03
1.761000e-01 1.016899e+03
1.771000e-01 1.015845e+03
1.781000e-01 1.014775e+03
1.791000e-01 1.013690e+03
1.801000e-01 1.012565e+03
1.811000e-01 1.011471e+03
1.821000e-01 1.010338e+03
1.831000e-01 1.009189e+03
1.841000e-01 1.008023e+03
1.851000e-01 1.006840e+03
1.861000e-01 1.005641e+03
1.871000e-01 1.004424e+03
1.881000e-01 1.003191e+03
1.891000e-01 1.001941e+03
1.901000e-01 1.000652e+03
1.911000e-01 9.993898e+02
1.921000e-01 9.980887e+02
1.931000e-01 9.967708e+02
1.941000e-01 9.954360e+02
1.951000e-01 9.940846e+02
1.961000e-01 9.927168e+02
1.971000e-01 9.904655e+02
1.981000e-01 9.899327e+02
1.991000e-01 9.885171e+02
2.001000e-01 9.870863e+02
2.011000e-01 9.856214e+02
2.021000e-01 9.841804e+02
2.031000e-01 9.827063e+02
2.041000e-01 9.812187e+02
2.051000e-01 9.797180e+02
2.061000e-01 9.782048e+02
2.071000e-01 9.766796e+02
2.081000e-01 9.751430e+02
2.091000e-01 9.735957e+02
2.101000e-01 9.720381e+02
2.111000e-01 9.704539e+02
2.121000e-01 9.688945e+02
2.131000e-01 9.673098e+02
2.141000e-01 9.657171e+02
2.151000e-01 9.641171e+02
2.161000e-01 9.625103e+02
2.171000e-01 9.608972e+02
2.181000e-01 9.592784e+02
2.191000e-01 9.576542e+02
2.201000e-01 9.560253e+02
2.211000e-01 9.543773e+02
2.221000e-01 9.527549e+02
2.231000e-01 9.511143e+02
2.241000e-01 9.494707e+02
2.251000e-01 9.478244e+02
2.261000e-01 9.461755e+02
2.271000e-01 9.445246e+02
2.281000e-01 9.428717e+02
2.291000e-01 9.412169e+02
2.301000e-01 9.395472e+02
2.311000e-01 9.379031e+02
2.321000e-01 9.362443e+02
2.331000e-01 9.345844e+02
2.341000e-01 9.329235e+02
2.351000e-01 9.312617e+02
2.361000e-01 9.295991e+02
2.371000e-01 9.279356e+02
2.381000e-01 9.262712e+02
2.391000e-01 9.246060e+02
2.401000e-01 9.229278e+02
2.411000e-01 9.212624e+02
2.421000e-01 9.196048e+02
2.431000e-01 9.179357e+02
2.441000e-01 9.162657e+02
2.451000e-01 9.145945e+02
2.461000e-01 9.129219e+02
2.471000e-01 9.112480e+02
2.481000e-01 9.095729e+02
2.491000e-01 9.078964e+02
2.501000e-01 9.062076e+02
2.511000e-01 9.045385e+02
2.521000e-01 9.028574e+02
2.531000e-01 9.011748e+02
2.541000e-01 8.994905e+02
2.551000e-01 8.978044e+02
2.561000e-01 8.961166e+02
2.571000e-01 8.944273e+02
2.581000e-01 8.927365e+02
2.591000e-01 8.910439e+02
2.601000e-01 8.893410e+02
2.611000e-01 8.876540e+02
2.621000e-01 8.859570e+02
2.631000e-01 8.842588e+02
2.641000e-01 8.825592e+02
2.651000e-01 8.808583e+02
2.661000e-01 8.791566e+02
2.671000e-01 8.774540e+02
2.681000e-01 8.757506e+02
2.691000e-01 8.740388e+02
2.701000e-01 8.723417e+02
2.711000e-01 8.706368e+02
2.721000e-01 8.689318e+02
2.731000e-01 8.672267e+02
2.741000e-01 8.655216e+02
2.751000e-01 8.638169e+02
2.761000e-01 8.621127e+02
2.771000e-01 8.604093e+02
2.781000e-01 8.587005e+02
2.791000e-01 8.569998e+02
2.801000e-01 8.553042e+02
2.811000e-01 8.536049e+02
2.821000e-01 8.519071e+02
2.831000e-01 8.502109e+02
2.841000e-01 8.485163e+02
2.851000e-01 8.468235e+02
2.861000e-01 8.451328e+02
2.871000e-01 8.430769e+02
2.881000e-01 8.417539e+02
2.891000e-01 8.400739e+02
2.901000e-01 8.383922e+02
2.911000e-01 8.367130e+02
2.921000e-01 8.350366e+02
2.931000e-01 8.333627e+02
2.941000e-01 8.316914e+02
2.951000e-01 8.300229e+02
2.961000e-01 8.283535e+02
2.971000e-01 8.266916e+02
2.981000e-01 8.250344e+02
2.991000e-01 8.233771e+02
3.001000e-01 8.217228e+02
3.011000e-01 8.199549e+02
3.021000e-01 8.184229e+02
3.031000e-01 8.167772e+02
3.041000e-01 8.151315e+02
3.051000e-01 8.134917e+02
3.061000e-01 8.118570e+02
3.071000e-01 8.102226e+02
3.081000e-01 8.085910e+02
3.091000e-01 8.069621e+02
3.101000e-01 8.053359e+02
3.111000e-01 8.037124e+02
3.121000e-01 8.020896e+02
3.131000e-01 8.004713e+02
3.141000e-01 7.988566e+02
3.151000e-01 7.972447e+02
3.161000e-01 7.956342e+02
3.171000e-01 7.940263e+02
3.181000e-01 7.924209e+02
3.191000e-01 7.908172e+02
3.201000e-01 7.892160e+02
3.211000e-01 7.876180e+02
3.221000e-01 7.860239e+02
3.231000e-01 7.844308e+02
3.241000e-01 7.828402e+02
3.251000e-01 7.812521e+02
3.261000e-01 7.796664e+02
3.271000e-01 7.780833e+02
3.281000e-01 7.765015e+02
3.291000e-01 7.749236e+02
3.301000e-01 7.733486e+02
3.311000e-01 7.717761e+02
3.321000e-01 7.702058e+02
3.331000e-01 7.686377e+02
3.341000e-01 7.670720e+02
3.351000e-01 7.655093e+02
3.361000e-01 7.639497e+02
3.371000e-01 7.623932e+02
3.381000e-01 7.608395e+02
3.391000e-01 7.592883e+02
3.401000e-01 7.577400e+02
3.411000e-01 7.561944e+02
3.421000e-01 7.546519e+02
3.431000e-01 7.531127e+02
3.441000e-01 7.515766e+02
3.451000e-01 7.500437e+02
3.461000e-01 7.485137e+02
3.471000e-01 7.469868e+02
3.481000e-01 7.454631e+02
3.491000e-01 7.439428e+02
3.501000e-01 7.424260e+02
3.511000e-01 7.409125e+02
3.521000e-01 7.391109e+02
3.531000e-01 7.378953e+02
3.541000e-01 7.363917e+02
3.551000e-01 7.348916e+02
3.561000e-01 7.333950e+02
3.571000e-01 7.319019e+02
3.581000e-01 7.304122e+02
3.591000e-01 7.289260e+02
3.601000e-01 7.274432e+02
3.611000e-01 7.258753e+02
3.621000e-01 7.244883e+02
3.631000e-01 7.230161e+02
3.641000e-01 7.215474e+02
3.651000e-01 7.200821e+02
3.661000e-01 7.186204e+02
3.671000e-01 7.171621e+02
3.681000e-01 7.157074e+02
3.691000e-01 7.142561e+02
3.701000e-01 7.128082e+02
3.711000e-01 7.113638e+02
3.721000e-01 7.099229e+02
3.731000e-01 7.084853e+02
3.741000e-01 7.066498e+02
3.751000e-01 7.056205e+02
3.761000e-01 7.041931e+02
3.771000e-01 7.027691e+02
3.781000e-01 7.013484e+02
3.791000e-01 6.999311e+02
3.801000e-01 6.985170e+02
3.811000e-01 6.970236e+02
3.821000e-01 6.956989e+02
3.831000e-01 6.942947e+02
3.841000e-01 6.928938e+02
3.851000e-01 6.914962e+02
3.861000e-01 6.901017e+02
3.871000e-01 6.887106e+02
3.881000e-01 6.873226e+02
3.891000e-01 6.859379e+02
3.901000e-01 6.845564e+02
3.911000e-01 6.831780e+02
3.921000e-01 6.818029e+02
3.931000e-01 6.804310e+02
3.941000e-01 6.790624e+02
3.951000e-01 6.776969e+02
3.961000e-01 6.763346e+02
3.971000e-01 6.749755e+02
3.981000e-01 6.736197e+02
3.991000e-01 6.722670e+02
4.001000e-01 6.709175e+02
4.011000e-01 6.695713e+02
4.021000e-01 6.682282e+02
4.031000e-01 6.668884e+02
4.041000e-01 6.655518e+02
4.051000e-01 6.642184e+02
4.061000e-01 6.628882e+02
4.071000e-01 6.615613e+02
4.081000e-01 6.602376e+02
4.091000e-01 6.589172e+02
4.101000e-01 6.576001e+02
4.111000e-01 6.562862e+02
4.121000e-01 6.549756e+02
4.131000e-01 6.536682e+02
4.141000e-01 6.523642e+02
4.151000e-01 6.510633e+02
4.161000e-01 6.497658e+02
4.171000e-01 6.484716e+02
4.181000e-01 6.471806e+02
4.191000e-01 6.458929e+02
4.201000e-01 6.446085e+02
4.211000e-01 6.433273e+02
4.221000e-01 6.420495e+02
4.231000e-01 6.407749e+02
4.241000e-01 6.395036e+02
4.251000e-01 6.382356e+02
4.261000e-01 6.369708e+02
4.271000e-01 6.357093e+02
4.281000e-01 6.344511e+02
4.291000e-01 6.331961e+02
4.301000e-01 6.319444e+02
4.311000e-01 6.306958e+02
4.321000e-01 6.294505e+02
4.331000e-01 6.282084e+02
4.341000e-01 6.269696e+02
4.351000e-01 6.257339e+02
4.361000e-01 6.245014e+02
4.371000e-01 6.232721e+02
4.381000e-01 6.220459e+02
4.391000e-01 6.208230e+02
4.401000e-01 6.196032e+02
4.411000e-01 6.183865e+02
4.421000e-01 6.171730e+02
4.431000e-01 6.159626e+02
4.441000e-01 6.147552e+02
4.451000e-01 6.135510e+02
4.461000e-01 6.123498e+02
4.471000e-01 6.111518e+02
4.481000e-01 6.099569e+02
4.491000e-01 6.087650e+02
4.501000e-01 6.075761e+02
4.511000e-01 6.063902e+02
4.521000e-01 6.052073e+02
4.531000e-01 6.040274e+02
4.541000e-01 6.028507e+02
4.551000e-01 6.016770e+02
4.561000e-01 6.005062e+02
4.571000e-01 5.993384e+02
4.581000e-01 5.981735e+02
4.591000e-01 5.970115e+02
4.601000e-01 5.958525e+02
4.611000e-01 5.946965e+02
4.621000e-01 5.935436e+02
4.631000e-01 5.923936e+02
4.641000e-01 5.912466e+02
4.651000e-01 5.901024e+02
4.661000e-01 5.889610e+02
4.671000e-01 5.878225e+02
4.681000e-01 5.866870e+02
4.691000e-01 5.855544e+02
4.701000e-01 5.844249e+02
4.711000e-01 5.832984e+02
4.721000e-01 5.821745e+02
4.731000e-01 5.810536e+02
4.741000e-01 5.799355e+02
4.751000e-01 5.788203e+02
4.761000e-01 5.777079e+02
4.771000e-01 5.765985e+02
4.781000e-01 5.754920e+02
4.791000e-01 5.743885e+02
4.801000e-01 5.732877e+02
4.811000e-01 5.721471e+02
4.821000e-01 5.710947e+02
4.831000e-01 5.700024e+02
4.841000e-01 5.689129e+02
4.851000e-01 5.678263e+02
4.861000e-01 5.667425e+02
4.871000e-01 5.656618e+02
4.881000e-01 5.645837e+02
4.891000e-01 5.635085e+02
4.901000e-01 5.624360e+02
4.911000e-01 5.613663e+02
4.921000e-01 5.602994e+02
4.931000e-01 5.589255e+02
4.941000e-01 5.581737e+02
4.951000e-01 5.571152e+02
4.961000e-01 5.560596e+02
4.971000e-01 5.550065e+02
4.981000e-01 5.539562e+02
4.991000e-01 5.529087e+02
5.001000e-01 5.518639e+02
5.011000e-01 5.508218e+02
5.021000e-01 5.497821e+02
5.031000e-01 5.487454e+02
5.041000e-01 5.477116e+02
5.051000e-01 5.448830e+02
5.061000e-01 5.456519e+02
5.071000e-01 5.446260e+02
5.081000e-01 5.436028e+02
5.091000e-01 5.425822e+02
5.101000e-01 5.415643e+02
5.111000e-01 5.405487e+02
5.121000e-01 5.395360e+02
5.131000e-01 5.385260e+02
5.141000e-01 5.375189e+02
5.151000e-01 5.365141e+02
5.161000e-01 5.355119e+02
5.171000e-01 5.345123e+02
5.181000e-01 5.335152e+02
5.191000e-01 5.325208e+02
5.201000e-01 5.315287e+02
5.211000e-01 5.305393e+02
5.221000e-01 5.295525e+02
5.231000e-01 5.285684e+02
5.241000e-01 5.275870e+02
5.251000e-01 5.266078e+02
5.261000e-01 5.256312e+02
5.271000e-01 5.246571e+02
5.281000e-01 5.236855e+02
5.291000e-01 5.227164e+02
5.301000e-01 5.217496e+02
5.311000e-01 5.207854e+02
5.321000e-01 5.198238e+02
5.331000e-01 5.188650e+02
5.341000e-01 5.179084e+02
5.351000e-01 5.169542e+02
5.361000e-01 5.160024e+02
5.371000e-01 5.150531e+02
5.381000e-01 5.141063e+02
5.391000e-01 5.131619e+02
5.401000e-01 5.122196e+02
5.411000e-01 5.112800e+02
5.421000e-01 5.103429e+02
5.431000e-01 5.094085e+02
5.441000e-01 5.084762e+02
5.451000e-01 5.075463e+02
5.461000e-01 5.066188e+02
5.471000e-01 5.056936e+02
5.481000e-01 5.047709e+02
5.491000e-01 5.038505e+02
5.501000e-01 5.029322e+02
5.511000e-01 5.020165e+02
5.521000e-01 5.011033e+02
5.531000e-01 5.001927e+02
5.541000e-01 4.992841e+02
5.551000e-01 4.983778e+02
5.561000e-01 4.974739e+02
5.571000e-01 4.965529e+02
5.581000e-01 4.956730e+02
5.591000e-01 4.947760e+02
5.601000e-01 4.938810e+02
5.611000e-01 4.929886e+02
5.621000e-01 4.920986e+02
5.631000e-01 4.912111e+02
5.641000e-01 4.903255e+02
5.651000e-01 4.894423e+02
5.661000e-01 4.885613e+02
5.671000e-01 4.876825e+02
5.681000e-01 4.868060e+02
5.691000e-01 4.859318e+02
5.701000e-01 4.850595e+02
5.711000e-01 4.841896e+02
5.721000e-01 4.833221e+02
5.731000e-01 4.824570e+02
5.741000e-01 4.815938e+02
5.751000e-01 4.807178e+02
5.761000e-01 4.798741e+02
5.771000e-01 4.790175e+02
5.781000e-01 4.781631e+02
5.791000e-01 4.773108e+02
5.801000e-01 4.764605e+02
5.811000e-01 4.756125e+02
5.821000e-01 4.747668e+02
5.831000e-01 4.739234e+02
5.841000e-01 4.730819e+02
5.851000e-01 4.722425e+02
5.861000e-01 4.714053e+02
5.871000e-01 4.705702e+02
5.881000e-01 4.697372e+02
5.891000e-01 4.689063e+02
5.901000e-01 4.680773e+02
5.911000e-01 4.672505e+02
5.921000e-01 4.664259e+02
5.931000e-01 4.656036e+02
5.941000e-01 4.647831e+02
5.951000e-01 4.639647e+02
5.961000e-01 4.631484e+02
5.971000e-01 4.623341e+02
5.981000e-01 4.615218e+02
5.991000e-01 4.603712e+02
6.001000e-01 4.599032e+02
6.011000e-01 4.590971e+02
6.021000e-01 4.582930e+02
6.031000e-01 4.574911e+02
6.041000e-01 4.566910e+02
6.051000e-01 4.558929e+02
6.061000e-01 4.550968e+02
6.071000e-01 4.543027e+02
6.081000e-01 4.535106e+02
6.091000e-01 4.527204e+02
6.101000e-01 4.519321e+02
6.111000e-01 4.511459e+02
6.121000e-01 4.503617e+02
6.131000e-01 4.495796e+02
6.141000e-01 4.487993e+02
6.151000e-01 4.480209e+02
6.161000e-01 4.472445e+02
6.171000e-01 4.464700e+02
6.181000e-01 4.456974e+02
6.191000e-01 4.449268e+02
6.201000e-01 4.441579e+02
6.211000e-01 4.433911e+02
6.221000e-01 4.426262e+02
6.231000e-01 4.418633e+02
6.241000e-01 4.411022e+02
6.251000e-01 4.403430e+02
6.261000e-01 4.395798e+02
6.271000e-01 4.388302e+02
6.281000e-01 4.380766e+02
6.291000e-01 4.373248e+02
6.301000e-01 4.365749e+02
6.311000e-01 4.358268e+02
6.321000e-01 4.350807e+02
6.331000e-01 4.343365e+02
6.341000e-01 4.335940e+02
6.351000e-01 4.328533e+02
6.361000e-01 4.321145e+02
6.371000e-01 4.313775e+02
6.381000e-01 4.306423e+02
6.391000e-01 4.299089e+02
6.401000e-01 4.291773e+02
6.411000e-01 4.284475e+02
6.421000e-01 4.277158e+02
6.431000e-01 4.269934e+02
6.441000e-01 4.262690e+02
6.451000e-01 4.255464e+02
6.461000e-01 4.248255e+02
6.471000e-01 4.241065e+02
6.481000e-01 4.233891e+02
6.491000e-01 4.226735e+02
6.501000e-01 4.219597e+02
6.511000e-01 4.212477e+02
6.521000e-01 4.205374e+02
6.531000e-01 4.198288e+02
6.541000e-01 4.191220e+02
6.551000e-01 4.184168e+02
6.561000e-01 4.177134e+02
6.571000e-01 4.170093e+02
6.581000e-01 4.163118e+02
6.591000e-01 4.156135e+02
6.601000e-01 4.149169e+02
6.611000e-01 4.142221e+02
6.621000e-01 4.135289e+02
6.631000e-01 4.128375e+02
6.641000e-01 4.121477e+02
6.651000e-01 4.114596e+02
6.661000e-01 4.107731e+02
6.671000e-01 4.100884e+02
6.681000e-01 4.094052e+02
6.691000e-01 4.087238e+02
6.701000e-01 4.080440e+02
6.711000e-01 4.073644e+02
6.721000e-01 4.066894e+02
6.731000e-01 4.060146e+02
6.741000e-01 4.053413e+02
6.751000e-01 4.046698e+02
6.761000e-01 4.039998e+02
6.771000e-01 4.033314e+02
6.781000e-01 4.026647e+02
6.791000e-01 4.019996e+02
6.801000e-01 4.013361e+02
6.811000e-01 4.006742e+02
6.821000e-01 4.000139e+02
6.831000e-01 3.993552e+02
6.841000e-01 3.986980e+02
6.851000e-01 3.980416e+02
6.861000e-01 3.973884e+02
6.871000e-01 3.967360e+02
6.881000e-01 3.960852e+02
6.891000e-01 3.954359e+02
6.901000e-01 3.947881e+02
6.911000e-01 3.941419e+02
6.921000e-01 3.934973e+02
6.931000e-01 3.928542e+02
6.941000e-01 3.922126e+02
6.951000e-01 3.915725e+02
6.961000e-01 3.909340e+02
6.971000e-01 3.902966e+02
6.981000e-01 3.896611e+02
6.991000e-01 3.890272e+02
7.001000e-01 3.883950e+02
7.011000e-01 3.877640e+02
7.021000e-01 3.871345e+02
7.031000e-01 3.865065e+02
7.041000e-01 3.858799e+02
7.051000e-01 3.852549e+02
7.061000e-01 3.846313e+02
7.071000e-01 3.840092e+02
7.081000e-01 3.833885e+02
7.091000e-01 3.827691e+02
7.101000e-01 3.821514e+02
7.111000e-01 3.815352e+02
7.121000e-01 3.809205e+02
7.131000e-01 3.803071e+02
7.141000e-01 3.796951e+02
7.151000e-01 3.790846e+02
7.161000e-01 3.784755e+02
7.171000e-01 3.778679e+02
7.181000e-01 3.772616e+02
7.191000e-01 3.766568e+02
7.201000e-01 3.760534e+02
7.211000e-01 3.754514e+02
7.221000e-01 3.748508e+02
7.231000e-01 3.742517e+02
7.241000e-01 3.736540e+02
7.251000e-01 3.730575e+02
7.261000e-01 3.724626e+02
7.271000e-01 3.718690e+02
7.281000e-01 3.712768e+02
7.291000e-01 3.706860e+02
7.301000e-01 3.700965e+02
7.311000e-01 3.695085e+02
7.321000e-01 3.689218e+02
7.331000e-01 3.683365e+02
7.341000e-01 3.677525e+02
7.351000e-01 3.671699e+02
7.361000e-01 3.665887e+02
7.371000e-01 3.660088e+02
7.381000e-01 3.654303e+02
7.391000e-01 3.648531e+02
7.401000e-01 3.642772e+02
7.411000e-01 3.637027e+02
7.421000e-01 3.631295e+02
7.431000e-01 3.625577e+02
7.441000e-01 3.619872e+02
7.451000e-01 3.614180e+02
7.461000e-01 3.608501e+02
7.471000e-01 3.602836e+02
7.481000e-01 3.597183e+02
7.491000e-01 3.591544e+02
7.501000e-01 3.585918e+02
7.511000e-01 3.580305e+02
7.521000e-01 3.574704e+02
7.531000e-01 3.569117e+02
7.541000e-01 3.563542e+02
7.551000e-01 3.557981e+02
7.561000e-01 3.552432e+02
7.571000e-01 3.546896e+02
7.581000e-01 3.541372e+02
7.591000e-01 3.535862e+02
7.601000e-01 3.530364e+02
7.611000e-01 3.524879e+02
7.621000e-01 3.519406e+02
7.631000e-01 3.513945e+02
7.641000e-01 3.508497e+02
7.651000e-01 3.503062e+02
7.661000e-01 3.497639e+02
7.671000e-01 3.492228e+02
7.681000e-01 3.486829e+02
7.691000e-01 3.481443e+02
7.701000e-01 3.476070e+02
7.711000e-01 3.470708e+02
7.721000e-01 3.465358e+02
7.731000e-01 3.460021e+02
7.741000e-01 3.454695e+02
7.751000e-01 3.449382e+02
7.761000e-01 3.444081e+02
7.771000e-01 3.438791e+02
7.781000e-01 3.433514e+02
7.791000e-01 3.428248e+02
7.801000e-01 3.422995e+02
7.811000e-01 3.417753e+02
7.821000e-01 3.412523e+02
7.831000e-01 3.407304e+02
7.841000e-01 3.402098e+02
7.851000e-01 3.396903e+02
7.861000e-01 3.391719e+02
7.871000e-01 3.386548e+02
7.881000e-01 3.381388e+02
7.891000e-01 3.376239e+02
7.901000e-01 3.371102e+02
7.911000e-01 3.365977e+02
7.921000e-01 3.360863e+02
7.931000e-01 3.355760e+02
7.941000e-01 3.350669e+02
7.951000e-01 3.345589e+02
7.961000e-01 3.340520e+02
7.971000e-01 3.335463e+02
7.981000e-01 3.330417e+02
7.991000e-01 3.325382e+02
8.001000e-01 3.320358e+02
8.011000e-01 3.315346e+02
8.021000e-01 3.310344e+02
8.031000e-01 3.305354e+02
8.041000e-01 3.300375e+02
8.051000e-01 3.295407e+02
8.061000e-01 3.290450e+02
8.071000e-01 3.285504e+02
8.081000e-01 3.280569e+02
8.091000e-01 3.275645e+02
8.101000e-01 3.270732e+02
8.111000e-01 3.265829e+02
8.121000e-01 3.260938e+02
8.131000e-01 3.256057e+02
8.141000e-01 3.251187e+02
8.151000e-01 3.246327e+02
8.161000e-01 3.241479e+02
8.171000e-01 3.236641e+02
8.181000e-01 3.231814e+02
8.191000e-01 3.226997e+02
8.201000e-01 3.222191e+02
8.211000e-01 3.217396e+02
8.221000e-01 3.212611e+02
8.231000e-01 3.207836e+02
8.241000e-01 3.203072e+02
8.251000e-01 3.198318e+02
8.261000e-01 3.193575e+02
8.271000e-01 3.188842e+02
8.281000e-01 3.184119e+02
8.291000e-01 3.179407e+02
8.301000e-01 3.174705e+02
8.311000e-01 3.170013e+02
8.321000e-01 3.165332e+02
8.331000e-01 3.160660e+02
8.341000e-01 3.155999e+02
8.351000e-01 3.151348e+02
8.361000e-01 3.146707e+02
8.371000e-01 3.142076e+02
8.381000e-01 3.137455e+02
8.391000e-01 3.132844e+02
8.401000e-01 3.128243e+02
8.411000e-01 3.123652e+02
8.421000e-01 3.119071e+02
8.431000e-01 3.114500e+02
8.441000e-01 3.109939e+02
8.451000e-01 3.105388e+02
8.461000e-01 3.100846e+02
8.471000e-01 3.096315e+02
8.481000e-01 3.091793e+02
8.491000e-01 3.087281e+02
8.501000e-01 3.082779e+02
8.511000e-01 3.078286e+02
8.521000e-01 3.073803e+02
8.531000e-01 3.069330e+02
8.541000e-01 3.064866e+02
8.551000e-01 3.060413e+02
8.561000e-01 3.055968e+02
8.571000e-01 3.051534e+02
8.581000e-01 3.047109e+02
8.591000e-01 3.042693e+02
8.601000e-01 3.038287e+02
8.611000e-01 3.033891e+02
8.621000e-01 3.029503e+02
8.631000e-01 3.025125e+02
8.641000e-01 3.020757e+02
8.651000e-01 3.016398e+02
8.661000e-01 3.012049e+02
8.671000e-01 3.007709e+02
8.681000e-01 3.003379e+02
8.691000e-01 2.999057e+02
8.701000e-01 2.994745e+02
8.711000e-01 2.990442e+02
8.721000e-01 2.986148e+02
8.731000e-01 2.981864e+02
8.741000e-01 2.977588e+02
8.751000e-01 2.973322e+02
8.761000e-01 2.969064e+02
8.771000e-01 2.964816e+02
8.781000e-01 2.960577e+02
8.791000e-01 2.956348e+02
8.801000e-01 2.952128e+02
8.811000e-01 2.947916e+02
8.821000e-01 2.943714e+02
8.831000e-01 2.939520e+02
8.841000e-01 2.935335e+02
8.851000e-01 2.931159e+02
8.861000e-01 2.925631e+02
8.871000e-01 2.922834e+02
8.881000e-01 2.918684e+02
8.891000e-01 2.914544e+02
8.901000e-01 2.910412e+02
8.911000e-01 2.906286e+02
8.921000e-01 2.902172e+02
8.931000e-01 2.898068e+02
8.941000e-01 2.893971e+02
8.951000e-01 2.889883e+02
8.961000e-01 2.885803e+02
8.971000e-01 2.881731e+02
8.981000e-01 2.877669e+02
8.991000e-01 2.873614e+02
9.001000e-01 2.869569e+02
9.011000e-01 2.865531e+02
9.021000e-01 2.861502e+02
9.031000e-01 2.857482e+02
9.041000e-01 2.853469e+02
9.051000e-01 2.849462e+02
9.061000e-01 2.845467e+02
9.071000e-01 2.841483e+02
9.081000e-01 2.837504e+02
9.091000e-01 2.833533e+02
9.101000e-01 2.829570e+02
9.111000e-01 2.825616e+02
9.121000e-01 2.821670e+02
9.131000e-01 2.817732e+02
9.141000e-01 2.813801e+02
9.151000e-01 2.809880e+02
9.161000e-01 2.805966e+02
9.171000e-01 2.802060e+02
9.181000e-01 2.798163e+02
9.191000e-01 2.792906e+02
9.201000e-01 2.790391e+02
9.211000e-01 2.786513e+02
9.221000e-01 2.782647e+02
9.231000e-01 2.778794e+02
9.241000e-01 2.774944e+02
9.251000e-01 2.771102e+02
9.261000e-01 2.767267e+02
9.271000e-01 2.763441e+02
9.281000e-01 2.759622e+02
9.291000e-01 2.755812e+02
9.301000e-01 2.752009e+02
9.311000e-01 2.748214e+02
9.321000e-01 2.744426e+02
9.331000e-01 2.740647e+02
9.341000e-01 2.736875e+02
9.351000e-01 2.733111e+02
9.361000e-01 2.729349e+02
9.371000e-01 2.725600e+02
9.381000e-01 2.721864e+02
9.391000e-01 2.718131e+02
9.401000e-01 2.714405e+02
9.411000e-01 2.710687e+02
9.421000e-01 2.706976e+02
9.431000e-01 2.703273e+02
9.441000e-01 2.699578e+02
9.451000e-01 2.695889e+02
9.461000e-01 2.692209e+02
9.471000e-01 2.688536e+02
9.481000e-01 2.684870e+02
9.491000e-01 2.681212e+02
9.501000e-01 2.677561e+02
9.511000e-01 2.673918e+02
9.521000e-01 2.670282e+02
9.531000e-01 2.666647e+02
9.541000e-01 2.663025e+02
9.551000e-01 2.659419e+02
9.561000e-01 2.655812e+02
9.571000e-01 2.652212e+02
9.581000e-01 2.648620e+02
9.591000e-01 2.645035e+02
9.601000e-01 2.641458e+02
9.611000e-01 2.637888e+02
9.621000e-01 2.634324e+02
9.631000e-01 2.630768e+02
9.641000e-01 2.627219e+02
9.651000e-01 2.622658e+02
9.661000e-01 2.620142e+02
9.671000e-01 2.616614e+02
9.681000e-01 2.613093e+02
9.691000e-01 2.609580e+02
9.701000e-01 2.606065e+02
9.711000e-01 2.602565e+02
9.721000e-01 2.599081e+02
9.731000e-01 2.595595e+02
9.741000e-01 2.592116e+02
9.751000e-01 2.588644e+02
9.761000e-01 2.585179e+02
9.771000e-01 2.581721e+02
9.781000e-01 2.578270e+02
9.791000e-01 2.574826e+02
9.801000e-01 2.571388e+02
9.811000e-01 2.567958e+02
9.821000e-01 2.564534e+02
9.831000e-01 2.561117e+02
9.841000e-01 2.557706e+02
9.851000e-01 2.554303e+02
9.861000e-01 2.550906e+02
9.871000e-01 2.547516e+02
9.881000e-01 2.544124e+02
9.891000e-01 2.540757e+02
9.901000e-01 2.537387e+02
9.911000e-01 2.534024e+02
9.921000e-01 2.530667e+02
9.931000e-01 2.527317e+02
9.941000e-01 2.523974e+02
9.951000e-01 2.520637e+02
9.961000e-01 2.517307e+02
9.971000e-01 2.513984e+02
9.981000e-01 2.510667e+02
9.991000e-01 2.507357e+02
1.000000e+00 2.504383e+02
1.100000e+00 2.204067e+02
1.200000e+00 1.954444e+02
1.300000e+00 1.744739e+02
1.400000e+00 1.566842e+02
1.500000e+00 1.414577e+02
1.600000e+00 1.283164e+02
1.700000e+00 1.168884e+02
1.800000e+00 1.068949e+02
1.900000e+00 9.814684e+01
2.000000e+00 9.048852e+01
2.100000e+00 8.372672e+01
2.200000e+00 7.766213e+01
2.300000e+00 7.218540e+01
2.400000e+00 6.724895e+01
2.500000e+00 6.279911e+01
2.600000e+00 5.877534e+01
2.700000e+00 5.512385e+01
2.800000e+00 5.179904e+01
2.900000e+00 4.876300e+01
3.000000e+00 4.598280e+01
3.100000e+00 4.343011e+01
3.200000e+00 4.108056e+01
3.300000e+00 3.891276e+01
3.400000e+00 3.690806e+01
3.500000e+00 3.504980e+01
3.600000e+00 3.332335e+01
3.700000e+00 3.171648e+01
3.800000e+00 3.021906e+01
3.900000e+00 2.882279e+01
4.000000e+00 2.752075e+01
4.100000e+00 2.629798e+01
4.200000e+00 2.517217e+01
4.300000e+00 2.411084e+01
4.400000e+00 2.311485e+01
4.500000e+00 2.217779e+01
4.600000e+00 2.129446e+01
4.700000e+00 2.046078e+01
4.800000e+00 1.967334e+01
4.900000e+00 1.892905e+01
5.000000e+00 1.822504e+01
5.100000e+00 1.755851e+01
5.200000e+00 1.692694e+01
5.300000e+00 1.632790e+01
5.400000e+00 1.575916e+01
5.500000e+00 1.521858e+01
5.600000e+00 1.470420e+01
5.700000e+00 1.421426e+01
5.800000e+00 1.374717e+01
5.900000e+00 1.330153e+01
6.000000e+00 1.287615e+01
6.100000e+00 1.247003e+01
6.200000e+00 1.208226e+01
6.300000e+00 1.171197e+01
6.400000e+00 1.135391e+01
6.500000e+00 1.101616e+01
6.600000e+00 1.069323e+01
6.700000e+00 1.038421e+01
6.800000e+00 1.008835e+01
6.900000e+00 9.804739e+00
7.000000e+00 9.532674e+00
7.100000e+00 9.271508e+00
7.200000e+00 9.020643e+00
7.300000e+00 8.779533e+00
7.400000e+00 8.547669e+00
7.500000e+00 8.324572e+00
7.600000e+00 8.109786e+00
7.700000e+00 7.902407e+00
7.800000e+00 7.703419e+00
7.900000e+00 7.511032e+00
8.000000e+00 7.325349e+00
8.100000e+00 7.146051e+00
8.200000e+00 6.972853e+00
8.300000e+00 6.805491e+00
8.400000e+00 6.643744e+00
8.500000e+00 6.487402e+00
8.600000e+00 6.336276e+00
8.700000e+00 6.190176e+00
8.800000e+00 6.048919e+00
8.900000e+00 5.912323e+00
9.000000e+00 5.780209e+00
9.100000e+00 5.652393e+00
9.200000e+00 5.528708e+00
9.300000e+00 5.408978e+00
9.400000e+00 5.293040e+00
9.500000e+00 5.180727e+00
9.600000e+00 5.071890e+00
9.700000e+00 4.966381e+00
9.800000e+00 4.864054e+00
9.900000e+00 4.764775e+00
1.000000e+01 4.668397e+00
1.010000e+01 4.574833e+00
1.020000e+01 4.483918e+00
1.030000e+01 4.395559e+00
1.040000e+01 4.309645e+00
1.050000e+01 4.226080e+00
1.060000e+01 4.144776e+00
1.070000e+01 4.065647e+00
1.080000e+01 3.988622e+00
1.090000e+01 3.913691e+00
1.100000e+01 3.840618e+00
1.110000e+01 3.769518e+00
1.120000e+01 3.700276e+00
1.130000e+01 3.632863e+00
1.140000e+01 3.567152e+00
1.150000e+01 3.503169e+00
1.160000e+01 3.440855e+00
1.170000e+01 3.380101e+00
1.180000e+01 3.320919e+00
1.190000e+01 3.263243e+00
1.200000e+01 3.207025e+00
1.210000e+01 3.152215e+00
1.220000e+01 3.098074e+00
1.230000e+01 3.046658e+00
1.240000e+01 2.995773e+00
1.250000e+01 2.946133e+00
1.260000e+01 2.897722e+00
1.270000e+01 2.850362e+00
1.280000e+01 2.804177e+00
1.290000e+01 2.758989e+00
1.300000e+01 2.714918e+00
1.310000e+01 2.671775e+00
1.320000e+01 2.629543e+00
1.330000e+01 2.588319e+00
1.340000e+01 2.547986e+00
1.350000e+01 2.508538e+00
1.360000e+01 2.469936e+00
1.370000e+01 2.432172e+00
1.380000e+01 2.395218e+00
1.390000e+01 2.359059e+00
1.400000e+01 2.323676e+00
1.410000e+01 2.289050e+00
1.420000e+01 2.255154e+00
1.430000e+01 2.221980e+00
1.440000e+01 2.189507e+00
1.450000e+01 2.157716e+00
1.460000e+01 2.126591e+00
1.470000e+01 2.096112e+00
1.480000e+01 2.066263e+00
1.490000e+01 2.037030e+00
1.500000e+01 2.008390e+00
1.510000e+01 1.980329e+00
1.520000e+01 1.952832e+00
1.530000e+01 1.925881e+00
1.540000e+01 1.899462e+00
1.550000e+01 1.873558e+00
1.560000e+01 1.848155e+00
1.570000e+01 1.823241e+00
1.580000e+01 1.798800e+00
1.590000e+01 1.774822e+00
1.600000e+01 1.751292e+00
1.610000e+01 1.728203e+00
1.620000e+01 1.705541e+00
1.630000e+01 1.683298e+00
1.640000e+01 1.661464e+00
1.650000e+01 1.640029e+00
1.660000e+01 1.618985e+00
1.670000e+01 1.597775e+00
1.680000e+01 1.578038e+00
1.690000e+01 1.558115e+00
1.700000e+01 1.538553e+00
1.710000e+01 1.519341e+00
1.720000e+01 1.500471e+00
1.730000e+01 1.481937e+00
1.740000e+01 1.463728e+00
1.750000e+01 1.445845e+00
1.760000e+01 1.428273e+00
1.770000e+01 1.410998e+00
1.780000e+01 1.394024e+00
1.790000e+01 1.377355e+00
1.800000e+01 1.360971e+00
1.810000e+01 1.344859e+00
1.820000e+01 1.329015e+00
1.830000e+01 1.313435e+00
1.840000e+01 1.298115e+00
1.850000e+01 1.283048e+00
1.860000e+01 1.268228e+00
1.870000e+01 1.253651e+00
1.880000e+01 1.239310e+00
1.890000e+01 1.225201e+00
1.900000e+01 1.211319e+00
1.910000e+01 1.197659e+00
1.920000e+01 1.184216e+00
1.930000e+01 1.170985e+00
1.940000e+01 1.157964e+00
1.950000e+01 1.145152e+00
1.960000e+01 1.132542e+00
1.970000e+01 1.120125e+00
1.980000e+01 1.107897e+00
1.990000e+01 1.095867e+00
2.000000e+01 1.084025e+00
2.010000e+01 1.072353e+00
2.020000e+01 1.060864e+00
2.030000e+01 1.049564e+00
2.040000e+01 1.038423e+00
2.050000e+01 1.027451e+00
2.060000e+01 1.016647e+00
2.070000e+01 1.005997e+00
2.080000e+01 9.955215e-01
2.090000e+01 9.851870e-01
2.100000e+01 9.750024e-01
2.110000e+01 9.649803e-01
2.120000e+01 9.550974e-01
2.130000e+01 9.453552e-01
2.140000e+01 9.357591e-01
2.150000e+01 9.262971e-01
2.160000e+01 9.169723e-01
2.170000e+01 9.077792e-01
2.180000e+01 8.987189e-01
2.190000e+01 8.897819e-01
2.200000e+01 8.809728e-01
2.210000e+01 8.722873e-01
2.220000e+01 8.637227e-01
2.230000e+01 8.552804e-01
2.240000e+01 8.469490e-01
2.250000e+01 8.387358e-01
2.260000e+01 8.306383e-01
2.270000e+01 8.226462e-01
2.280000e+01 8.147651e-01
2.290000e+01 8.069947e-01
2.300000e+01 7.993240e-01
2.310000e+01 7.917603e-01
2.320000e+01 7.842994e-01
2.330000e+01 7.769351e-01
2.340000e+01 7.696698e-01
2.350000e+01 7.625027e-01
2.360000e+01 7.554290e-01
2.370000e+01 7.484481e-01
2.380000e+01 7.415578e-01
2.390000e+01 7.347596e-01
2.400000e+01 7.281577e-01
2.410000e+01 7.214237e-01
2.420000e+01 7.148833e-01
2.430000e+01 7.084284e-01
2.440000e+01 7.020556e-01
2.450000e+01 6.957634e-01
2.460000e+01 6.895514e-01
2.470000e+01 6.834176e-01
2.480000e+01 6.773610e-01
2.490000e+01 6.713804e-01
2.500000e+01 6.654744e-01
2.510000e+01 6.596421e-01
2.520000e+01 6.538821e-01
2.530000e+01 6.481934e-01
2.540000e+01 6.425747e-01
2.550000e+01 6.370247e-01
2.560000e+01 6.315428e-01
2.570000e+01 6.261280e-01
2.580000e+01 6.207786e-01
2.590000e+01 6.154942e-01
2.600000e+01 6.102734e-01
2.610000e+01 6.051153e-01
2.620000e+01 6.000189e-01
2.630000e+01 5.949832e-01
2.640000e+01 5.900075e-01
2.650000e+01 5.850906e-01
2.660000e+01 5.802317e-01
2.670000e+01 5.754299e-01
2.680000e+01 5.706843e-01
2.690000e+01 5.659942e-01
2.700000e+01 5.613583e-01
2.710000e+01 5.567760e-01
2.720000e+01 5.522468e-01
2.730000e+01 5.477697e-01
2.740000e+01 5.433439e-01
2.750000e+01 5.389687e-01
2.760000e+01 5.346433e-01
2.770000e+01 5.303668e-01
2.780000e+01 5.261389e-01
2.790000e+01 5.219586e-01
2.800000e+01 5.178251e-01
2.810000e+01 5.137377e-01
2.820000e+01 5.096961e-01
2.830000e+01 5.056995e-01
2.840000e+01 5.017471e-01
2.850000e+01 4.978384e-01
2.860000e+01 4.939727e-01
2.870000e+01 4.901496e-01
2.880000e+01 4.863680e-01
2.890000e+01 4.826278e-01
2.900000e+01 4.789280e-01
2.910000e+01 4.752684e-01
2.920000e+01 4.716485e-01
2.930000e+01 4.680675e-01
2.940000e+01 4.645247e-01
2.950000e+01 4.610196e-01
2.960000e+01 4.575520e-01
2.970000e+01 4.541214e-01
2.980000e+01 4.507269e-01
2.990000e+01 4.473685e-01
3.000000e+01 4.440455e-01
3.010000e+01 4.407571e-01
3.020000e+01 4.375032e-01
3.030000e+01 4.342834e-01
3.040000e+01 4.310967e-01
3.050000e+01 4.279431e-01
3.060000e+01 4.248220e-01
3.070000e+01 4.217332e-01
3.080000e+01 4.186762e-01
3.090000e+01 4.156504e-01
3.100000e+01 4.126554e-01
3.110000e+01 4.096907e-01
3.120000e+01 4.067566e-01
3.130000e+01 4.038516e-01
3.140000e+01 4.009762e-01
3.150000e+01 3.981295e-01
3.160000e+01 3.953113e-01
3.170000e+01 3.925214e-01
3.180000e+01 3.897593e-01
3.190000e+01 3.870245e-01
3.200000e+01 3.843165e-01
3.210000e+01 3.816356e-01
3.220000e+01 3.789809e-01
3.230000e+01 3.763524e-01
3.240000e+01 3.737498e-01
3.250000e+01 3.711726e-01
3.260000e+01 3.686200e-01
3.270000e+01 3.660924e-01
3.280000e+01 3.635891e-01
3.290000e+01 3.611102e-01
3.300000e+01 3.586549e-01
3.310000e+01 3.562233e-01
3.320000e+01 3.538151e-01
3.330000e+01 3.514297e-01
3.340000e+01 3.490670e-01
3.350000e+01 3.467268e-01
3.360000e+01 3.444085e-01
3.370000e+01 3.421119e-01
3.380000e+01 3.398371e-01
3.390000e+01 3.375831e-01
3.400000e+01 3.353507e-01
3.410000e+01 3.331392e-01
3.420000e+01 3.309483e-01
3.430000e+01 3.287773e-01
3.440000e+01 3.266264e-01
3.450000e+01 3.244955e-01
3.460000e+01 3.223841e-01
3.470000e+01 3.202923e-01
3.480000e+01 3.182197e-01
3.490000e+01 3.161656e-01
3.500000e+01 3.141304e-01
3.510000e+01 3.121132e-01
3.520000e+01 3.101149e-01
3.530000e+01 3.081342e-01
3.540000e+01 3.061717e-01
3.550000e+01 3.042265e-01
3.560000e+01 3.022989e-01
3.570000e+01 3.003886e-01
3.580000e+01 2.984949e-01
3.590000e+01 2.966183e-01
3.600000e+01 2.947579e-01
3.610000e+01 2.929137e-01
3.620000e+01 2.910861e-01
3.630000e+01 2.892745e-01
3.640000e+01 2.874791e-01
3.650000e+01 2.856993e-01
3.660000e+01 2.839348e-01
3.670000e+01 2.821856e-01
3.680000e+01 2.804518e-01
3.690000e+01 2.787326e-01
3.700000e+01 2.770288e-01
3.710000e+01 2.753397e-01
3.720000e+01 2.736643e-01
3.730000e+01 2.720037e-01
3.740000e+01 2.703571e-01
3.750000e+01 2.687247e-01
3.760000e+01 2.671062e-01
3.770000e+01 2.655016e-01
3.780000e+01 2.639102e-01
3.790000e+01 2.623326e-01
3.800000e+01 2.607677e-01
3.810000e+01 2.592157e-01
3.820000e+01 2.576771e-01
3.830000e+01 2.561510e-01
3.840000e+01 2.546381e-01
3.850000e+01 2.531373e-01
3.860000e+01 2.516496e-01
3.870000e+01 2.501739e-01
3.880000e+01 2.487099e-01
3.890000e+01 2.472584e-01
3.900000e+01 2.458186e-01
3.910000e+01 2.443906e-01
3.920000e+01 2.429747e-01
3.930000e+01 2.415702e-01
3.940000e+01 2.401763e-01
3.950000e+01 2.387943e-01
3.960000e+01 2.374233e-01
3.970000e+01 2.360637e-01
3.980000e+01 2.347149e-01
3.990000e+01 2.333770e-01
4.000000e+01 2.320498e-01
4.010000e+01 2.307324e-01
4.020000e+01 2.294257e-01
4.030000e+01 2.281299e-01
4.040000e+01 2.268438e-01
4.050000e+01 2.255686e-01
4.060000e+01 2.243027e-01
4.070000e+01 2.230471e-01
4.080000e+01 2.218018e-01
4.090000e+01 2.205655e-01
4.100000e+01 2.193398e-01
4.110000e+01 2.181231e-01
4.120000e+01 2.169155e-01
4.130000e+01 2.157180e-01
4.140000e+01 2.145296e-01
4.150000e+01 2.133496e-01
4.160000e+01 2.121797e-01
4.170000e+01 2.110187e-01
4.180000e+01 2.098663e-01
4.190000e+01 2.087228e-01
4.200000e+01 2.075877e-01
4.210000e+01 2.064612e-01
4.220000e+01 2.053431e-01
4.230000e+01 2.042336e-01
4.240000e+01 2.031333e-01
4.250000e+01 2.020402e-01
4.260000e+01 2.009562e-01
4.270000e+01 1.998798e-01
4.280000e+01 1.988115e-01
4.290000e+01 1.977514e-01
4.300000e+01 1.966995e-01
4.310000e+01 1.956554e-01
4.320000e+01 1.946187e-01
4.330000e+01 1.935896e-01
4.340000e+01 1.925684e-01
4.350000e+01 1.915546e-01
4.360000e+01 1.905486e-01
4.370000e+01 1.895503e-01
4.380000e+01 1.885590e-01
4.390000e+01 1.875740e-01
4.400000e+01 1.865964e-01
4.410000e+01 1.856259e-01
4.420000e+01 1.846625e-01
4.430000e+01 1.837070e-01
4.440000e+01 1.827574e-01
4.450000e+01 1.818152e-01
4.460000e+01 1.808795e-01
4.470000e+01 1.799514e-01
4.480000e+01 1.790296e-01
4.490000e+01 1.781134e-01
4.500000e+01 1.772046e-01
4.510000e+01 1.763023e-01
4.520000e+01 1.754066e-01
4.530000e+01 1.745171e-01
4.540000e+01 1.736333e-01
4.550000e+01 1.727564e-01
4.560000e+01 1.718859e-01
4.570000e+01 1.710214e-01
4.580000e+01 1.701625e-01
4.590000e+01 1.693089e-01
4.600000e+01 1.684618e-01
4.610000e+01 1.676199e-01
4.620000e+01 1.667849e-01
4.630000e+01 1.659557e-01
4.640000e+01 1.651325e-01
4.650000e+01 1.643144e-01
4.660000e+01 1.635025e-01
4.670000e+01 1.626960e-01
4.680000e+01 1.618954e-01
4.690000e+01 1.610998e-01
4.700000e+01 1.603094e-01
4.710000e+01 1.595250e-01
4.720000e+01 1.587460e-01
4.730000e+01 1.579721e-01
4.740000e+01 1.572036e-01
4.750000e+01 1.564395e-01
4.760000e+01 1.556817e-01
4.770000e+01 1.549269e-01
4.780000e+01 1.541782e-01
4.790000e+01 1.534347e-01
4.800000e+01 1.527647e-01
4.810000e+01 1.519632e-01
4.820000e+01 1.512345e-01
4.830000e+01 1.505112e-01
4.840000e+01 1.497923e-01
4.850000e+01 1.490784e-01
4.860000e+01 1.483699e-01
4.870000e+01 1.476654e-01
4.880000e+01 1.469659e-01
4.890000e+01 1.463349e-01
4.900000e+01 1.455799e-01
4.910000e+01 1.448940e-01
4.920000e+01 1.442125e-01
4.930000e+01 1.435355e-01
4.940000e+01 1.428611e-01
4.950000e+01 1.421919e-01
4.960000e+01 1.415273e-01
4.970000e+01 1.408670e-01
4.980000e+01 1.402120e-01
4.990000e+01 1.395606e-01
5.000000e+01 1.389135e-01
5.010000e+01 1.382709e-01
5.020000e+01 1.376316e-01
5.030000e+01 1.369967e-01
5.040000e+01 1.363664e-01
5.050000e+01 1.357401e-01
5.060000e+01 1.351182e-01
5.070000e+01 1.344982e-01
5.080000e+01 1.338834e-01
5.090000e+01 1.332721e-01
5.100000e+01 1.326659e-01
5.110000e+01 1.320619e-01
5.120000e+01 1.314626e-01
5.130000e+01 1.308668e-01
5.140000e+01 1.302749e-01
5.150000e+01 1.296863e-01
5.160000e+01 1.291016e-01
5.170000e+01 1.285210e-01
5.180000e+01 1.279438e-01
5.190000e+01 1.273696e-01
5.200000e+01 1.267992e-01
5.210000e+01 1.262322e-01
5.220000e+01 1.256688e-01
5.230000e+01 1.251090e-01
5.240000e+01 1.245526e-01
5.250000e+01 1.240000e-01
5.260000e+01 1.234506e-01
5.270000e+01 1.229043e-01
5.280000e+01 1.223615e-01
5.290000e+01 1.218218e-01
5.300000e+01 1.212858e-01
5.310000e+01 1.207523e-01
5.320000e+01 1.202224e-01
5.330000e+01 1.196960e-01
5.340000e+01 1.191726e-01
5.350000e+01 1.186522e-01
5.360000e+01 1.181349e-01
5.370000e+01 1.176211e-01
5.380000e+01 1.171094e-01
5.390000e+01 1.166020e-01
5.400000e+01 1.160975e-01
5.410000e+01 1.155957e-01
5.420000e+01 1.150965e-01
5.430000e+01 1.146006e-01
5.440000e+01 1.141075e-01
5.450000e+01 1.136168e-01
5.460000e+01 1.131296e-01
5.470000e+01 1.126450e-01
5.480000e+01 1.121637e-01
5.490000e+01 1.116849e-01
5.500000e+01 1.112092e-01
5.510000e+01 1.107361e-01
5.520000e+01 1.102660e-01
5.530000e+01 1.097978e-01
5.540000e+01 1.093329e-01
5.550000e+01 1.088710e-01
5.560000e+01 1.084109e-01
5.570000e+01 1.079543e-01
5.580000e+01 1.074998e-01
5.590000e+01 1.070482e-01
5.600000e+01 1.065992e-01
5.610000e+01 1.061520e-01
5.620000e+01 1.057087e-01
5.630000e+01 1.052671e-01
5.640000e+01 1.048283e-01
5.650000e+01 1.043922e-01
5.660000e+01 1.039582e-01
5.670000e+01 1.035270e-01
5.680000e+01 1.030976e-01
5.690000e+01 1.026710e-01
5.700000e+01 1.022456e-01
5.710000e+01 1.018244e-01
5.720000e+01 1.014050e-01
5.730000e+01 1.009884e-01
5.740000e+01 1.005737e-01
5.750000e+01 1.001611e-01
5.760000e+01 9.975088e-02
5.770000e+01 9.934345e-02
5.780000e+01 9.893788e-02
5.790000e+01 9.853315e-02
5.800000e+01 9.813254e-02
5.810000e+01 9.773351e-02
5.820000e+01 9.733683e-02
5.830000e+01 9.694275e-02
5.840000e+01 9.655034e-02
5.850000e+01 9.616032e-02
5.860000e+01 9.577286e-02
5.870000e+01 9.538623e-02
5.880000e+01 9.500165e-02
5.890000e+01 9.461994e-02
5.900000e+01 9.424046e-02
5.910000e+01 9.386263e-02
5.920000e+01 9.348672e-02
5.930000e+01 9.311374e-02
5.940000e+01 9.274211e-02
5.950000e+01 9.237273e-02
5.960000e+01 9.200541e-02
5.970000e+01 9.163983e-02
5.980000e+01 9.127525e-02
5.990000e+01 9.091384e-02
6.000000e+01 9.055422e-02
6.010000e+01 9.019637e-02
6.020000e+01 8.984016e-02
6.030000e+01 8.948667e-02
6.040000e+01 8.913448e-02
6.050000e+01 8.878358e-02
6.060000e+01 8.843515e-02
6.070000e+01 8.808913e-02
6.080000e+01 8.774343e-02
6.090000e+01 8.740114e-02
6.100000e+01 8.705899e-02
6.110000e+01 8.671969e-02
6.120000e+01 8.638240e-02
6.130000e+01 8.604641e-02
6.140000e+01 8.571246e-02
6.150000e+01 8.537996e-02
6.160000e+01 8.504894e-02
6.170000e+01 8.471990e-02
6.180000e+01 8.439297e-02
6.190000e+01 8.406719e-02
6.200000e+01 8.374330e-02
6.210000e+01 8.342148e-02
6.220000e+01 8.310061e-02
6.230000e+01 8.278075e-02
6.240000e+01 8.246424e-02
6.250000e+01 8.214779e-02
6.260000e+01 8.183381e-02
6.270000e+01 8.152188e-02
6.280000e+01 8.121123e-02
6.290000e+01 8.090080e-02
6.300000e+01 8.059357e-02
6.310000e+01 8.028737e-02
6.320000e+01 7.998264e-02
6.330000e+01 7.967964e-02
6.340000e+01 7.937788e-02
6.350000e+01 7.907689e-02
6.360000e+01 7.877891e-02
6.370000e+01 7.848190e-02
6.380000e+01 7.818609e-02
6.390000e+01 7.789177e-02
6.400000e+01 7.759927e-02
6.410000e+01 7.730804e-02
6.420000e+01 7.701715e-02
6.430000e+01 7.672896e-02
6.440000e+01 7.644291e-02
6.450000e+01 7.615658e-02
6.460000e+01 7.587255e-02
6.470000e+01 7.558939e-02
6.480000e+01 7.530885e-02
6.490000e+01 7.502750e-02
6.500000e+01 7.474971e-02
6.510000e+01 7.447233e-02
6.520000e+01 7.419592e-02
6.530000e+01 7.392067e-02
6.540000e+01 7.364848e-02
6.550000e+01 7.337580e-02
6.560000e+01 7.310433e-02
6.570000e+01 7.283513e-02
6.580000e+01 7.256737e-02
6.590000e+01 7.230079e-02
6.600000e+01 7.203557e-02
6.610000e+01 7.177135e-02
6.620000e+01 7.150774e-02
6.630000e+01 7.124573e-02
6.640000e+01 7.098532e-02
6.650000e+01 7.072558e-02
6.660000e+01 7.046714e-02
6.670000e+01 7.021061e-02
6.680000e+01 6.995579e-02
6.690000e+01 6.970110e-02
6.700000e+01 6.944718e-02
6.710000e+01 6.919483e-02
6.720000e+01 6.894510e-02
6.730000e+01 6.869449e-02
6.740000e+01 6.844627e-02
6.750000e+01 6.819852e-02
6.760000e+01 6.795176e-02
6.770000e+01 6.770745e-02
6.780000e+01 6.746372e-02
6.790000e+01 6.721984e-02
6.800000e+01 6.697893e-02
6.810000e+01 6.673741e-02
6.820000e+01 6.649830e-02
6.830000e+01 6.625973e-02
6.840000e+01 6.602266e-02
6.850000e+01 6.578628e-02
6.860000e+01 6.555004e-02
6.870000e+01 6.531672e-02
6.880000e+01 6.508324e-02
6.890000e+01 6.485207e-02
6.900000e+01 6.462193e-02
6.910000e+01 6.439116e-02
6.920000e+01 6.416101e-02
6.930000e+01 6.393297e-02
6.940000e+01 6.370686e-02
6.950000e+01 6.348097e-02
6.960000e+01 6.325585e-02
6.970000e+01 6.303209e-02
6.980000e+01 6.280874e-02
6.990000e+01 6.258750e-02
7.000000e+01 6.236631e-02
7.010000e+01 6.214526e-02
7.020000e+01 6.192753e-02
7.030000e+01 6.170917e-02
7.040000e+01 6.149206e-02
7.050000e+01 6.127593e-02
7.060000e+01 6.106065e-02
7.070000e+01 6.084688e-02
7.080000e+01 6.063367e-02
7.090000e+01 6.042125e-02
7.100000e+01 6.020910e-02
7.110000e+01 5.999760e-02
7.120000e+01 5.978994e-02
7.130000e+01 5.958024e-02
7.140000e+01 5.937325e-02
7.150000e+01 5.916640e-02
7.160000e+01 5.895944e-02
7.170000e+01 5.875522e-02
7.180000e+01 5.855024e-02
7.190000e+01 5.834705e-02
7.200000e+01 5.814398e-02
7.210000e+01 5.794117e-02
7.220000e+01 5.774071e-02
7.230000e+01 5.754087e-02
7.240000e+01 5.734141e-02
7.250000e+01 5.714444e-02
7.260000e+01 5.694689e-02
7.270000e+01 5.675029e-02
7.280000e+01 5.655247e-02
7.290000e+01 5.635856e-02
7.300000e+01 5.616445e-02
7.310000e+01 5.597138e-02
7.320000e+01 5.577780e-02
7.330000e+01 5.558555e-02
7.340000e+01 5.539470e-02
7.350000e+01 5.520530e-02
7.360000e+01 5.501575e-02
7.370000e+01 5.482678e-02
7.380000e+01 5.463698e-02
7.390000e+01 5.444980e-02
7.400000e+01 5.426469e-02
7.410000e+01 5.407849e-02
7.420000e+01 5.389304e-02
7.430000e+01 5.371041e-02
7.440000e+01 5.352609e-02
7.450000e+01 5.334373e-02
7.460000e+01 5.316142e-02
7.470000e+01 5.297958e-02
7.480000e+01 5.279955e-02
7.490000e+01 5.261880e-02
7.500000e+01 5.243968e-02
7.510000e+01 5.226112e-02
7.520000e+01 5.208333e-02
7.530000e+01 5.190667e-02
7.540000e+01 5.172987e-02
7.550000e+01 5.155427e-02
7.560000e+01 5.138534e-02
7.570000e+01 5.120497e-02
7.580000e+01 5.103095e-02
7.590000e+01 5.085828e-02
7.600000e+01 5.068601e-02
7.610000e+01 5.051404e-02
7.620000e+01 5.034348e-02
7.630000e+01 5.017264e-02
7.640000e+01 5.000269e-02
7.650000e+01 4.983398e-02
7.660000e+01 4.966397e-02
7.670000e+01 4.949731e-02
7.680000e+01 4.933003e-02
7.690000e+01 4.916907e-02
7.700000e+01 4.899767e-02
7.710000e+01 4.883238e-02
7.720000e+01 4.866731e-02
7.730000e+01 4.850379e-02
7.740000e+01 4.833919e-02
7.750000e+01 4.817682e-02
7.760000e+01 4.801346e-02
7.770000e+01 4.785262e-02
7.780000e+01 4.769758e-02
7.790000e+01 4.753146e-02
7.800000e+01 4.737202e-02
7.810000e+01 4.721194e-02
7.820000e+01 4.705130e-02
7.830000e+01 4.689409e-02
7.840000e+01 4.673643e-02
7.850000e+01 4.657937e-02
7.860000e+01 4.642263e-02
7.870000e+01 4.626737e-02
7.880000e+01 4.611148e-02
7.890000e+01 4.595590e-02
7.900000e+01 4.580100e-02
7.910000e+01 4.564809e-02
7.920000e+01 4.549484e-02
7.930000e+01 4.534158e-02
7.940000e+01 4.519543e-02
7.950000e+01 4.504349e-02
7.960000e+01 4.488615e-02
7.970000e+01 4.473606e-02
7.980000e+01 4.458499e-02
7.990000e+01 4.443530e-02
8.000000e+01 4.428601e-02
8.010000e+01 4.414264e-02
8.020000e+01 4.398977e-02
8.030000e+01 4.384641e-02
8.040000e+01 4.369948e-02
8.050000e+01 4.354730e-02
8.060000e+01 4.340051e-02
8.070000e+01 4.326052e-02
8.080000e+01 4.310997e-02
8.090000e+01 4.296502e-02
8.100000e+01 4.282154e-02
8.110000e+01 4.267668e-02
8.120000e+01 4.253384e-02
8.130000e+01 4.239632e-02
8.140000e+01 4.224775e-02
8.150000e+01 4.210594e-02
8.160000e+01 4.196344e-02
8.170000e+01 4.182805e-02
8.180000e+01 4.168137e-02
8.190000e+01 4.154102e-02
8.200000e+01 4.140164e-02
8.210000e+01 4.126737e-02
8.220000e+01 4.112286e-02
8.230000e+01 4.098441e-02
8.240000e+01 4.084607e-02
8.250000e+01 4.071279e-02
8.260000e+01 4.057136e-02
8.270000e+01 4.043852e-02
8.280000e+01 4.029770e-02
8.290000e+01 4.016541e-02
8.300000e+01 4.002932e-02
8.310000e+01 3.989414e-02
8.320000e+01 3.975870e-02
8.330000e+01 3.962409e-02
8.340000e+01 3.948465e-02
8.350000e+01 3.935595e-02
8.360000e+01 3.922201e-02
8.370000e+01 3.908911e-02
8.380000e+01 3.895656e-02
8.390000e+01 3.882369e-02
8.400000e+01 3.868832e-02
8.410000e+01 3.855581e-02
8.420000e+01 3.842856e-02
8.430000e+01 3.829770e-02
8.440000e+01 3.816306e-02
8.450000e+01 3.803659e-02
8.460000e+01 3.790565e-02
8.470000e+01 3.777751e-02
8.480000e+01 3.764632e-02
8.490000e+01 3.751814e-02
8.500000e+01 3.738822e-02
8.510000e+01 3.725691e-02
8.520000e+01 3.713303e-02
8.530000e+01 3.700477e-02
8.540000e+01 3.687712e-02
8.550000e+01 3.675012e-02
8.560000e+01 3.662320e-02
8.570000e+01 3.649657e-02
8.580000e+01 3.637026e-02
8.590000e+01 3.624442e-02
8.600000e+01 3.611797e-02
8.610000e+01 3.599314e-02
8.620000e+01 3.586824e-02
8.630000e+01 3.574351e-02
8.640000e+01 3.562585e-02
8.650000e+01 3.549552e-02
8.660000e+01 3.537023e-02
8.670000e+01 3.524602e-02
8.680000e+01 3.512261e-02
8.690000e+01 3.499947e-02
8.700000e+01 3.487202e-02
8.710000e+01 3.475293e-02
8.720000e+01 3.463081e-02
8.730000e+01 3.450806e-02
8.740000e+01 3.438631e-02
8.750000e+01 3.426414e-02
8.760000e+01 3.414222e-02
8.770000e+01 3.402101e-02
8.780000e+01 3.389978e-02
8.790000e+01 3.377821e-02
8.800000e+01 3.365749e-02
8.810000e+01 3.353659e-02
8.820000e+01 3.341201e-02
8.830000e+01 3.329611e-02
8.840000e+01 3.317572e-02
8.850000e+01 3.305605e-02
8.860000e+01 3.293604e-02
8.870000e+01 3.281624e-02
8.880000e+01 3.269650e-02
8.890000e+01 3.257724e-02
8.900000e+01 3.245845e-02
8.910000e+01 3.233835e-02
8.920000e+01 3.221987e-02
8.930000e+01 3.210195e-02
8.940000e+01 3.198267e-02
8.950000e+01 3.186396e-02
8.960000e+01 3.174108e-02
8.970000e+01 3.162751e-02
8.980000e+01 3.150894e-02
8.990000e+01 3.140118e-02
9.000000e+01 3.127361e-02
9.010000e+01 3.115507e-02
9.020000e+01 3.103658e-02
9.030000e+01 3.091981e-02
9.040000e+01 3.080247e-02
9.050000e+01 3.068454e-02
9.060000e+01 3.056507e-02
9.070000e+01 3.044960e-02
9.080000e+01 3.033224e-02
9.090000e+01 3.021550e-02
9.100000e+01 3.011235e-02
9.110000e+01 2.998006e-02
9.120000e+01 2.986313e-02
9.130000e+01 2.974533e-02
9.140000e+01 2.962846e-02
9.150000e+01 2.951068e-02
9.160000e+01 2.939350e-02
9.170000e+01 2.927580e-02
9.180000e+01 2.915851e-02
9.190000e+01 2.904095e-02
9.200000e+01 2.892376e-02
9.210000e+01 2.880596e-02
9.220000e+01 2.868794e-02
9.230000e+01 2.857052e-02
9.240000e+01 2.845265e-02
9.250000e+01 2.833454e-02
9.260000e+01 2.821625e-02
9.270000e+01 2.809830e-02
9.280000e+01 2.798008e-02
9.290000e+01 2.786148e-02
9.300000e+01 2.774319e-02
9.310000e+01 2.762418e-02
9.320000e+01 2.750604e-02
9.330000e+01 2.738569e-02
9.340000e+01 2.726607e-02
9.350000e+01 2.714651e-02
9.360000e+01 2.702387e-02
9.370000e+01 2.690628e-02
9.380000e+01 2.678576e-02
9.390000e+01 2.667543e-02
9.400000e+01 2.654257e-02
9.410000e+01 2.642211e-02
9.420000e+01 2.630027e-02
9.430000e+01 2.617547e-02
9.440000e+01 2.605510e-02
9.450000e+01 2.593166e-02
9.460000e+01 2.580864e-02
9.470000e+01 2.568429e-02
9.480000e+01 2.556024e-02
9.490000e+01 2.543453e-02
9.500000e+01 2.530642e-02
9.510000e+01 2.518311e-02
9.520000e+01 2.505636e-02
9.530000e+01 2.492873e-02
9.540000e+01 2.480052e-02
9.550000e+01 2.467152e-02
9.560000e+01 2.454182e-02
9.570000e+01 2.441181e-02
9.580000e+01 2.428067e-02
9.590000e+01 2.414816e-02
9.600000e+01 2.401478e-02
9.610000e+01 2.388086e-02
9.620000e+01 2.374596e-02
9.630000e+01 2.360925e-02
9.640000e+01 2.347220e-02
9.650000e+01 2.333366e-02
9.660000e+01 2.319312e-02
9.670000e+01 2.305212e-02
9.680000e+01 2.290927e-02
9.690000e+01 2.276475e-02
9.700000e+01 2.261888e-02
9.710000e+01 2.247042e-02
9.720000e+01 2.232033e-02
9.730000e+01 2.216823e-02
9.740000e+01 2.201405e-02
9.750000e+01 2.185761e-02
9.760000e+01 2.169762e-02
9.770000e+01 2.153577e-02
9.780000e+01 2.137109e-02
9.790000e+01 2.120276e-02
9.800000e+01 2.103139e-02
9.810000e+01 2.085585e-02
9.820000e+01 2.067687e-02
9.830000e+01 2.049349e-02
9.840000e+01 2.030512e-02
9.850000e+01 2.009475e-02
9.860000e+01 1.991388e-02
9.870000e+01 1.971030e-02
9.880000e+01 1.950003e-02
9.890000e+01 1.928344e-02
9.900000e+01 1.905842e-02
9.910000e+01 1.882712e-02
9.920000e+01 1.858650e-02
9.930000e+01 1.833650e-02
9.940000e+01 1.807632e-02
9.950000e+01 1.780230e-02
9.960000e+01 1.751415e-02
9.970000e+01 1.720767e-02
9.980000e+01 1.687484e-02
9.990000e+01 1.650284e-02
1.000000e+02 1.607026e-02
1.001000e+02 1.562412e-02
1.002000e+02 1.526615e-02
1.003000e+02 1.492479e-02
1.004000e+02 1.463354e-02
1.005000e+02 1.436417e-02
1.006000e+02 1.407744e-02
1.007000e+02 1.384217e-02
1.008000e+02 1.361571e-02
1.009000e+02 1.339964e-02
1.010000e+02 1.315072e-02
1.011000e+02 1.295666e-02
1.012000e+02 1.276979e-02
1.013000e+02 1.258513e-02
1.014000e+02 1.240165e-02
1.015000e+02 1.219964e-02
1.016000e+02 1.204203e-02
1.017000e+02 1.188711e-02
1.018000e+02 1.173517e-02
1.019000e+02 1.158491e-02
1.020000e+02 1.143493e-02
1.021000e+02 1.126816e-02
1.022000e+02 1.113725e-02
1.023000e+02 1.101030e-02
1.024000e+02 1.088460e-02
1.025000e+02 1.076135e-02
1.026000e+02 1.063817e-02
1.027000e+02 1.051445e-02
1.028000e+02 1.038315e-02
1.029000e+02 1.026465e-02
1.030000e+02 1.015910e-02
1.031000e+02 1.005492e-02
1.032000e+02 9.951877e-03
1.033000e+02 9.849283e-03
1.034000e+02 9.747078e-03
1.035000e+02 9.644183e-03
1.036000e+02 9.535668e-03
1.037000e+02 9.425786e-03
1.038000e+02 9.340988e-03
1.039000e+02 9.253218e-03
1.040000e+02 9.166212e-03
1.041000e+02 9.079723e-03
1.042000e+02 8.993507e-03
1.043000e+02 8.907348e-03
1.044000e+02 8.820658e-03
1.045000e+02 8.732819e-03
1.046000e+02 8.632416e-03
1.047000e+02 8.557090e-03
1.048000e+02 8.482356e-03
1.049000e+02 8.408207e-03
1.050000e+02 8.334517e-03
1.051000e+02 8.261233e-03
1.052000e+02 8.188127e-03
1.053000e+02 8.114992e-03
1.054000e+02 8.041650e-03
1.055000e+02 7.967156e-03
1.056000e+02 7.888789e-03
1.057000e+02 7.809385e-03
1.058000e+02 7.745441e-03
1.059000e+02 7.681874e-03
1.060000e+02 7.618618e-03
1.061000e+02 7.556060e-03
1.062000e+02 7.492971e-03
1.063000e+02 7.431154e-03
1.064000e+02 7.370046e-03
1.065000e+02 7.306470e-03
1.066000e+02 7.243618e-03
1.067000e+02 7.179317e-03
1.068000e+02 7.110918e-03
1.069000e+02 7.045698e-03
1.070000e+02 6.989662e-03
1.071000e+02 6.935471e-03
1.072000e+02 6.881493e-03
1.073000e+02 6.827908e-03
1.074000e+02 6.774479e-03
1.075000e+02 6.721126e-03
1.076000e+02 6.668058e-03
1.077000e+02 6.614607e-03
1.078000e+02 6.561307e-03
1.079000e+02 6.512897e-03
1.080000e+02 6.452617e-03
1.081000e+02 6.395009e-03
1.082000e+02 6.333454e-03
1.083000e+02 6.286788e-03
1.084000e+02 6.240425e-03
1.085000e+02 6.194270e-03
1.086000e+02 6.148159e-03
1.087000e+02 6.102453e-03
1.088000e+02 6.056920e-03
1.089000e+02 6.011309e-03
1.090000e+02 5.965885e-03
1.091000e+02 5.920230e-03
1.092000e+02 5.874573e-03
1.093000e+02 5.828875e-03
1.094000e+02 5.782264e-03
1.095000e+02 5.734287e-03
1.096000e+02 5.681457e-03
1.097000e+02 5.633803e-03
1.098000e+02 5.593890e-03
1.099000e+02 5.554306e-03
1.100000e+02 5.516894e-03
1.101000e+02 5.475362e-03
1.102000e+02 5.436113e-03
1.103000e+02 5.397061e-03
1.104000e+02 5.358012e-03
1.105000e+02 5.319033e-03
1.106000e+02 5.280045e-03
1.107000e+02 5.241026e-03
1.108000e+02 5.201923e-03
1.109000e+02 5.162587e-03
1.110000e+02 5.122425e-03
1.111000e+02 5.081526e-03
1.112000e+02 5.037094e-03
1.113000e+02 4.993133e-03
1.114000e+02 4.959166e-03
1.115000e+02 4.925309e-03
1.116000e+02 4.891584e-03
1.117000e+02 4.857993e-03
1.118000e+02 4.824701e-03
1.119000e+02 4.791152e-03
1.120000e+02 4.757850e-03
1.121000e+02 4.724503e-03
1.122000e+02 4.691406e-03
1.123000e+02 4.658191e-03
1.124000e+02 4.625003e-03
1.125000e+02 4.591482e-03
1.126000e+02 4.558332e-03
1.127000e+02 4.524308e-03
1.128000e+02 4.489482e-03
1.129000e+02 4.454154e-03
1.130000e+02 4.412799e-03
1.131000e+02 4.379626e-03
1.132000e+02 4.350627e-03
1.133000e+02 4.322024e-03
1.134000e+02 4.293417e-03
1.135000e+02 4.264905e-03
1.136000e+02 4.236494e-03
1.137000e+02 4.208117e-03
1.138000e+02 4.179862e-03
1.139000e+02 4.151679e-03
1.140000e+02 4.123467e-03
1.141000e+02 4.095276e-03
1.142000e+02 4.067125e-03
1.143000e+02 4.038941e-03
1.144000e+02 4.010672e-03
1.145000e+02 3.982913e-03
1.146000e+02 3.953119e-03
1.147000e+02 3.924110e-03
1.148000e+02 3.894089e-03
1.149000e+02 3.861752e-03
1.150000e+02 3.826269e-03
1.151000e+02 3.801716e-03
1.152000e+02 3.777264e-03
1.153000e+02 3.752932e-03
1.154000e+02 3.728597e-03
1.155000e+02 3.704300e-03
1.156000e+02 3.680252e-03
1.157000e+02 3.656192e-03
1.158000e+02 3.632141e-03
1.159000e+02 3.608197e-03
1.160000e+02 3.584338e-03
1.161000e+02 3.560326e-03
1.162000e+02 3.536466e-03
1.163000e+02 3.512413e-03
1.164000e+02 3.488488e-03
1.165000e+02 3.464410e-03
1.166000e+02 3.440193e-03
1.167000e+02 3.415796e-03
1.168000e+02 3.390567e-03
1.169000e+02 3.365640e-03
1.170000e+02 3.338580e-03
1.171000e+02 3.305550e-03
1.172000e+02 3.284897e-03
1.173000e+02 3.264341e-03
1.174000e+02 3.243896e-03
1.175000e+02 3.223254e-03
1.176000e+02 3.203080e-03
1.177000e+02 3.183144e-03
1.178000e+02 3.162526e-03
1.179000e+02 3.142289e-03
1.180000e+02 3.122190e-03
1.181000e+02 3.102100e-03
1.182000e+02 3.082032e-03
1.183000e+02 3.061968e-03
1.184000e+02 3.041889e-03
1.185000e+02 3.021945e-03
1.186000e+02 3.001835e-03
1.187000e+02 2.981757e-03
1.188000e+02 2.961484e-03
1.189000e+02 2.941119e-03
1.190000e+02 2.920645e-03
1.191000e+02 2.899836e-03
1.192000e+02 2.878579e-03
1.193000e+02 2.856383e-03
1.194000e+02 2.830796e-03
1.195000e+02 2.808346e-03
1.196000e+02 2.791157e-03
1.197000e+02 2.773889e-03
1.198000e+02 2.756726e-03
1.199000e+02 2.739663e-03
1.200000e+02 2.722511e-03
1.201000e+02 2.705478e-03
1.202000e+02 2.688498e-03
1.203000e+02 2.671555e-03
1.204000e+02 2.654621e-03
1.205000e+02 2.637708e-03
1.206000e+02 2.620861e-03
1.207000e+02 2.604014e-03
1.208000e+02 2.587147e-03
1.209000e+02 2.570305e-03
1.210000e+02 2.553390e-03
1.211000e+02 2.536602e-03
1.212000e+02 2.519656e-03
1.213000e+02 2.502678e-03
1.214000e+02 2.485572e-03
1.215000e+02 2.468335e-03
1.216000e+02 2.450737e-03
1.217000e+02 2.433029e-03
1.218000e+02 2.414579e-03
1.219000e+02 2.394673e-03
1.220000e+02 2.371065e-03
1.221000e+02 2.356641e-03
1.222000e+02 2.342452e-03
1.223000e+02 2.328279e-03
1.224000e+02 2.313865e-03
1.225000e+02 2.300025e-03
1.226000e+02 2.285939e-03
1.227000e+02 2.271945e-03
1.228000e+02 2.257974e-03
1.229000e+02 2.244020e-03
1.230000e+02 2.230193e-03
1.231000e+02 2.216171e-03
1.232000e+02 2.202220e-03
1.233000e+02 2.188297e-03
1.234000e+02 2.174626e-03
1.235000e+02 2.160802e-03
1.236000e+02 2.147009e-03
1.237000e+02 2.133121e-03
1.238000e+02 2.119268e-03
1.239000e+02 2.105393e-03
1.240000e+02 2.091454e-03
1.241000e+02 2.077442e-03
1.242000e+02 2.063339e-03
1.243000e+02 2.049086e-03
1.244000e+02 2.034784e-03
1.245000e+02 2.019748e-03
1.246000e+02 2.004036e-03
1.247000e+02 1.986598e-03
1.248000e+02 1.967230e-03
1.249000e+02 1.955531e-03
1.250000e+02 1.943745e-03
1.251000e+02 1.932050e-03
1.252000e+02 1.920327e-03
1.253000e+02 1.908621e-03
1.254000e+02 1.896967e-03
1.255000e+02 1.885382e-03
1.256000e+02 1.873795e-03
1.257000e+02 1.862248e-03
1.258000e+02 1.850739e-03
1.259000e+02 1.839221e-03
1.260000e+02 1.827750e-03
1.261000e+02 1.816263e-03
1.262000e+02 1.804850e-03
1.263000e+02 1.793403e-03
1.264000e+02 1.781992e-03
1.265000e+02 1.770547e-03
1.266000e+02 1.759108e-03
1.267000e+02 1.747647e-03
1.268000e+02 1.736199e-03
1.269000e+02 1.724681e-03
1.270000e+02 1.713132e-03
1.271000e+02 1.701524e-03
1.272000e+02 1.689830e-03
1.273000e+02 1.678003e-03
1.274000e+02 1.665992e-03
1.275000e+02 1.653698e-03
1.276000e+02 1.640955e-03
1.277000e+02 1.627236e-03
1.278000e+02 1.608511e-03
1.279000e+02 1.599074e-03
1.280000e+02 1.589656e-03
1.281000e+02 1.580315e-03
1.282000e+02 1.570974e-03
1.283000e+02 1.561671e-03
1.284000e+02 1.552413e-03
1.285000e+02 1.543163e-03
1.286000e+02 1.533970e-03
1.287000e+02 1.524794e-03
1.288000e+02 1.515722e-03
1.289000e+02 1.506513e-03
1.290000e+02 1.497476e-03
1.291000e+02 1.488409e-03
1.292000e+02 1.479374e-03
1.293000e+02 1.470407e-03
1.294000e+02 1.461212e-03
1.295000e+02 1.451842e-03
1.296000e+02 1.442487e-03
1.297000e+02 1.433120e-03
1.298000e+02 1.423764e-03
1.299000e+02 1.414390e-03
1.300000e+02 1.404992e-03
1.301000e+02 1.395570e-03
1.302000e+02 1.386122e-03
1.303000e+02 1.376622e-03
1.304000e+02 1.367066e-03
1.305000e+02 1.357436e-03
1.306000e+02 1.347799e-03
1.307000e+02 1.337786e-03
1.308000e+02 1.327593e-03
1.309000e+02 1.317040e-03
1.310000e+02 1.305884e-03
1.311000e+02 1.292046e-03
1.312000e+02 1.281001e-03
1.313000e+02 1.273404e-03
1.314000e+02 1.265828e-03
1.315000e+02 1.258267e-03
1.316000e+02 1.250830e-03
1.317000e+02 1.243140e-03
1.318000e+02 1.235766e-03
1.319000e+02 1.228285e-03
1.320000e+02 1.220875e-03
1.321000e+02 1.213483e-03
1.322000e+02 1.206105e-03
1.323000e+02 1.198740e-03
1.324000e+02 1.191380e-03
1.325000e+02 1.184085e-03
1.326000e+02 1.176840e-03
1.327000e+02 1.169511e-03
1.328000e+02 1.162239e-03
1.329000e+02 1.155005e-03
1.330000e+02 1.147729e-03
1.331000e+02 1.140572e-03
1.332000e+02 1.133376e-03
1.333000e+02 1.126240e-03
1.334000e+02 1.119017e-03
1.335000e+02 1.111826e-03
1.336000e+02 1.104603e-03
1.337000e+02 1.097504e-03
1.338000e+02 1.090331e-03
1.339000e+02 1.083138e-03
1.340000e+02 1.075948e-03
1.341000e+02 1.068457e-03
1.342000e+02 1.060497e-03
1.343000e+02 1.052411e-03
1.344000e+02 1.044151e-03
1.345000e+02 1.035589e-03
1.346000e+02 1.026515e-03
1.347000e+02 1.016334e-03
1.348000e+02 1.004203e-03
1.349000e+02 9.981329e-04
1.350000e+02 9.920678e-04
1.351000e+02 9.860295e-04
1.352000e+02 9.800196e-04
1.353000e+02 9.739936e-04
1.354000e+02 9.679675e-04
1.355000e+02 9.620665e-04
1.356000e+02 9.561358e-04
1.357000e+02 9.494587e-04
1.358000e+02 9.443051e-04
1.359000e+02 9.384318e-04
1.360000e+02 9.325586e-04
1.361000e+02 9.267105e-04
1.362000e+02 9.208711e-04
1.363000e+02 9.150445e-04
1.364000e+02 9.092375e-04
1.365000e+02 9.034375e-04
1.366000e+02 8.976575e-04
1.367000e+02 8.918980e-04
1.368000e+02 8.861322e-04
1.369000e+02 8.803931e-04
1.370000e+02 8.746606e-04
1.371000e+02 8.689227e-04
1.372000e+02 8.632108e-04
1.373000e+02 8.574940e-04
1.374000e+02 8.517862e-04
1.375000e+02 8.460743e-04
1.376000e+02 8.403589e-04
1.377000e+02 8.346619e-04
1.378000e+02 8.289289e-04
1.379000e+02 8.231860e-04
1.380000e+02 8.174365e-04
1.381000e+02 8.116356e-04
1.382000e+02 8.058399e-04
1.383000e+02 7.999576e-04
1.384000e+02 7.938625e-04
1.385000e+02 7.880122e-04
1.386000e+02 7.815397e-04
1.387000e+02 7.729599e-04
1.388000e+02 7.637139e-04
1.389000e+02 7.589350e-04
1.390000e+02 7.541676e-04
1.391000e+02 7.494299e-04
1.392000e+02 7.446881e-04
1.393000e+02 7.399792e-04
1.394000e+02 7.353036e-04
1.395000e+02 7.305741e-04
1.396000e+02 7.259139e-04
1.397000e+02 7.212524e-04
1.398000e+02 7.166047e-04
1.399000e+02 7.119687e-04
1.400000e+02 7.073778e-04
1.401000e+02 7.027423e-04
1.402000e+02 6.981483e-04
1.403000e+02 6.935636e-04
1.404000e+02 6.889940e-04
1.405000e+02 6.844256e-04
1.406000e+02 6.798751e-04
1.407000e+02 6.753340e-04
1.408000e+02 6.708062e-04
1.409000e+02 6.662871e-04
1.410000e+02 6.617698e-04
1.411000e+02 6.572582e-04
1.412000e+02 6.527554e-04
1.413000e+02 6.482662e-04
1.414000e+02 6.437702e-04
1.415000e+02 6.392789e-04
1.416000e+02 6.347910e-04
1.417000e+02 6.303065e-04
1.418000e+02 6.258305e-04
1.419000e+02 6.213405e-04
1.420000e+02 6.168643e-04
1.421000e+02 6.123475e-04
1.422000e+02 6.078350e-04
1.423000e+02 6.032963e-04
1.424000e+02 5.987517e-04
1.425000e+02 5.941739e-04
1.426000e+02 5.895499e-04
1.427000e+02 5.848650e-04
1.428000e+02 5.800923e-04
1.429000e+02 5.751652e-04
1.430000e+02 5.699527e-04
1.431000e+02 5.647822e-04
1.432000e+02 5.610705e-04
1.433000e+02 5.574401e-04
1.434000e+02 5.537006e-04
1.435000e+02 5.500346e-04
1.436000e+02 5.463706e-04
1.437000e+02 5.427271e-04
1.438000e+02 5.390888e-04
1.439000e+02 5.354623e-04
1.440000e+02 5.318442e-04
1.441000e+02 5.282415e-04
1.442000e+02 5.246459e-04
1.443000e+02 5.210578e-04
1.444000e+02 5.174861e-04
1.445000e+02 5.139404e-04
1.446000e+02 5.103536e-04
1.447000e+02 5.068784e-04
1.448000e+02 5.032668e-04
1.449000e+02 4.997338e-04
1.450000e+02 4.962313e-04
1.451000e+02 4.927172e-04
1.452000e+02 4.891776e-04
1.453000e+02 4.856724e-04
1.454000e+02 4.821782e-04
1.455000e+02 4.786763e-04
1.456000e+02 4.751969e-04
1.457000e+02 4.717189e-04
1.458000e+02 4.682325e-04
1.459000e+02 4.647643e-04
1.460000e+02 4.612904e-04
1.461000e+02 4.578303e-04
1.462000e+02 4.543594e-04
1.463000e+02 4.508967e-04
1.464000e+02 4.474883e-04
1.465000e+02 4.439647e-04
1.466000e+02 4.404848e-04
1.467000e+02 4.370109e-04
1.468000e+02 4.335290e-04
1.469000e+02 4.300350e-04
1.470000e+02 4.265257e-04
1.471000e+02 4.230049e-04
1.472000e+02 4.194578e-04
1.473000e+02 4.158792e-04
1.474000e+02 4.125315e-04
1.475000e+02 4.096726e-04
1.476000e+02 4.068313e-04
1.477000e+02 4.039902e-04
1.478000e+02 4.011617e-04
1.479000e+02 3.983412e-04
1.480000e+02 3.955263e-04
1.481000e+02 3.927233e-04
1.482000e+02 3.899292e-04
1.483000e+02 3.871431e-04
1.484000e+02 3.843612e-04
1.485000e+02 3.815898e-04
1.486000e+02 3.788239e-04
1.487000e+02 3.760656e-04
1.488000e+02 3.733054e-04
1.489000e+02 3.705755e-04
1.490000e+02 3.678420e-04
1.491000e+02 3.651131e-04
1.492000e+02 3.623059e-04
1.493000e+02 3.596783e-04
1.494000e+02 3.569718e-04
1.495000e+02 3.542858e-04
1.496000e+02 3.516131e-04
1.497000e+02 3.488831e-04
1.498000e+02 3.461988e-04
1.499000e+02 3.435176e-04
1.500000e+02 3.408485e-04
1.501000e+02 3.381761e-04
1.502000e+02 3.355239e-04
1.503000e+02 3.328622e-04
1.504000e+02 3.302010e-04
1.505000e+02 3.274935e-04
1.506000e+02 3.249078e-04
1.507000e+02 3.222630e-04
1.508000e+02 3.196211e-04
1.509000e+02 3.169879e-04
1.510000e+02 3.143488e-04
1.511000e+02 3.117158e-04
1.512000e+02 3.090810e-04
1.513000e+02 3.064510e-04
1.514000e+02 3.038171e-04
1.515000e+02 3.011816e-04
1.516000e+02 2.988988e-04
1.517000e+02 2.967047e-04
1.518000e+02 2.945184e-04
1.519000e+02 2.923386e-04
1.520000e+02 2.901650e-04
1.521000e+02 2.879998e-04
1.522000e+02 2.858402e-04
1.523000e+02 2.836852e-04
1.524000e+02 2.815380e-04
1.525000e+02 2.793992e-04
1.526000e+02 2.772662e-04
1.527000e+02 2.751378e-04
1.528000e+02 2.730145e-04
1.529000e+02 2.708985e-04
1.530000e+02 2.687964e-04
1.531000e+02 2.666888e-04
1.532000e+02 2.645864e-04
1.533000e+02 2.624979e-04
1.534000e+02 2.604119e-04
1.535000e+02 2.583314e-04
1.536000e+02 2.562588e-04
1.537000e+02 2.541903e-04
1.538000e+02 2.521226e-04
1.539000e+02 2.500661e-04
1.540000e+02 2.480106e-04
1.541000e+02 2.459616e-04
1.542000e+02 2.439203e-04
1.543000e+02 2.418791e-04
1.544000e+02 2.398500e-04
1.545000e+02 2.378205e-04
1.546000e+02 2.357976e-04
1.547000e+02 2.337774e-04
1.548000e+02 2.317595e-04
1.549000e+02 2.297488e-04
1.550000e+02 2.277431e-04
1.551000e+02 2.257414e-04
1.552000e+02 2.237404e-04
1.553000e+02 2.217428e-04
1.554000e+02 2.197503e-04
1.555000e+02 2.177644e-04
1.556000e+02 2.160018e-04
1.557000e+02 2.143161e-04
1.558000e+02 2.126385e-04
1.559000e+02 2.109648e-04
1.560000e+02 2.092977e-04
1.561000e+02 2.076363e-04
1.562000e+02 2.059778e-04
1.563000e+02 2.043259e-04
1.564000e+02 2.026801e-04
1.565000e+02 2.010381e-04
1.566000e+02 1.994012e-04
1.567000e+02 1.977685e-04
1.568000e+02 1.961429e-04
1.569000e+02 1.945207e-04
1.570000e+02 1.929056e-04
1.571000e+02 1.912931e-04
1.572000e+02 1.896846e-04
1.573000e+02 1.880851e-04
1.574000e+02 1.864870e-04
1.575000e+02 1.848940e-04
1.576000e+02 1.833053e-04
1.577000e+02 1.817224e-04
1.578000e+02 1.801409e-04
1.579000e+02 1.785566e-04
1.580000e+02 1.769968e-04
1.581000e+02 1.753972e-04
1.582000e+02 1.738706e-04
1.583000e+02 1.723139e-04
1.584000e+02 1.707604e-04
1.585000e+02 1.692136e-04
1.586000e+02 1.676684e-04
1.587000e+02 1.661263e-04
1.588000e+02 1.645941e-04
1.589000e+02 1.630592e-04
1.590000e+02 1.615313e-04
1.591000e+02 1.600052e-04
1.592000e+02 1.584851e-04
1.593000e+02 1.569696e-04
1.594000e+02 1.555000e-04
1.595000e+02 1.542116e-04
1.596000e+02 1.529205e-04
1.597000e+02 1.516401e-04
1.598000e+02 1.503628e-04
1.599000e+02 1.490889e-04
1.600000e+02 1.478192e-04
1.601000e+02 1.465535e-04
1.602000e+02 1.452935e-04
1.603000e+02 1.440359e-04
1.604000e+02 1.427822e-04
1.605000e+02 1.415333e-04
1.606000e+02 1.402872e-04
1.607000e+02 1.390459e-04
1.608000e+02 1.378107e-04
1.609000e+02 1.365751e-04
1.610000e+02 1.353454e-04
1.611000e+02 1.341186e-04
1.612000e+02 1.328975e-04
1.613000e+02 1.316780e-04
1.614000e+02 1.304636e-04
1.615000e+02 1.292534e-04
1.616000e+02 1.280453e-04
1.617000e+02 1.269123e-04
1.618000e+02 1.256414e-04
1.619000e+02 1.244453e-04
1.620000e+02 1.232528e-04
1.621000e+02 1.220647e-04
1.622000e+02 1.208640e-04
1.623000e+02 1.196967e-04
1.624000e+02 1.185160e-04
1.625000e+02 1.173411e-04
1.626000e+02 1.161707e-04
1.627000e+02 1.150004e-04
1.628000e+02 1.138358e-04
1.629000e+02 1.126739e-04
1.630000e+02 1.115157e-04
1.631000e+02 1.103978e-04
1.632000e+02 1.094133e-04
1.633000e+02 1.084328e-04
1.634000e+02 1.074579e-04
1.635000e+02 1.064836e-04
1.636000e+02 1.055139e-04
1.637000e+02 1.045463e-04
1.638000e+02 1.035831e-04
1.639000e+02 1.026207e-04
1.640000e+02 1.016632e-04
1.641000e+02 1.007096e-04
1.642000e+02 9.975751e-05
1.643000e+02 9.880916e-05
1.644000e+02 9.786484e-05
1.645000e+02 9.667167e-05
1.646000e+02 9.598341e-05
1.647000e+02 9.504589e-05
1.648000e+02 9.411264e-05
1.649000e+02 9.318367e-05
1.650000e+02 9.225707e-05
1.651000e+02 9.133182e-05
1.652000e+02 9.041220e-05
1.653000e+02 8.949188e-05
1.654000e+02 8.857668e-05
1.655000e+02 8.766457e-05
1.656000e+02 8.675438e-05
1.657000e+02 8.584603e-05
1.658000e+02 8.494325e-05
1.659000e+02 8.404454e-05
1.660000e+02 8.313837e-05
1.661000e+02 8.224721e-05
1.662000e+02 8.135446e-05
1.663000e+02 8.046447e-05
1.664000e+02 7.957353e-05
1.665000e+02 7.869064e-05
1.666000e+02 7.780940e-05
1.667000e+02 7.704074e-05
1.668000e+02 7.629639e-05
1.669000e+02 7.555471e-05
1.670000e+02 7.481616e-05
1.671000e+02 7.407981e-05
1.672000e+02 7.334657e-05
1.673000e+02 7.261532e-05
1.674000e+02 7.188629e-05
1.675000e+02 7.115921e-05
1.676000e+02 7.043553e-05
1.677000e+02 6.971299e-05
1.678000e+02 6.899473e-05
1.679000e+02 6.829873e-05
1.680000e+02 6.756307e-05
1.681000e+02 6.685184e-05
1.682000e+02 6.614066e-05
1.683000e+02 6.544104e-05
1.684000e+02 6.472710e-05
1.685000e+02 6.402474e-05
1.686000e+02 6.332433e-05
1.687000e+02 6.262359e-05
1.688000e+02 6.192916e-05
1.689000e+02 6.123553e-05
1.690000e+02 6.054366e-05
1.691000e+02 5.985401e-05
1.692000e+02 5.916698e-05
1.693000e+02 5.847843e-05
1.694000e+02 5.779969e-05
1.695000e+02 5.711832e-05
1.696000e+02 5.643028e-05
1.697000e+02 5.576383e-05
1.698000e+02 5.508898e-05
1.699000e+02 5.441656e-05
1.700000e+02 5.375440e-05
1.701000e+02 5.319333e-05
1.702000e+02 5.263355e-05
1.703000e+02 5.209817e-05
1.704000e+02 5.152061e-05
1.705000e+02 5.096623e-05
1.706000e+02 5.041476e-05
1.707000e+02 4.986507e-05
1.708000e+02 4.931594e-05
1.709000e+02 4.877005e-05
1.710000e+02 4.822584e-05
1.711000e+02 4.768213e-05
1.712000e+02 4.714149e-05
1.713000e+02 4.660268e-05
1.714000e+02 4.606584e-05
1.715000e+02 4.553019e-05
1.716000e+02 4.499670e-05
1.717000e+02 4.446529e-05
1.718000e+02 4.393502e-05
1.719000e+02 4.340638e-05
1.720000e+02 4.287931e-05
1.721000e+02 4.235535e-05
1.722000e+02 4.183186e-05
1.723000e+02 4.161653e-05
1.724000e+02 4.079018e-05
1.725000e+02 4.027218e-05
1.726000e+02 3.975596e-05
1.727000e+02 3.924072e-05
1.728000e+02 3.872822e-05
1.729000e+02 3.821592e-05
1.730000e+02 3.770659e-05
1.731000e+02 3.719858e-05
1.732000e+02 3.669214e-05
1.733000e+02 3.627041e-05
1.734000e+02 3.585281e-05
1.735000e+02 3.543706e-05
1.736000e+02 3.502245e-05
1.737000e+02 3.460864e-05
1.738000e+02 3.419666e-05
1.739000e+02 3.378588e-05
1.740000e+02 3.337708e-05
1.741000e+02 3.296738e-05
1.742000e+02 3.256246e-05
1.743000e+02 3.215815e-05
1.744000e+02 3.175433e-05
1.745000e+02 3.135198e-05
1.746000e+02 3.095110e-05
1.747000e+02 3.055202e-05
1.748000e+02 3.015350e-05
1.749000e+02 2.975639e-05
1.750000e+02 2.936056e-05
1.751000e+02 2.896671e-05
1.752000e+02 2.858700e-05
1.753000e+02 2.818170e-05
1.754000e+02 2.779157e-05
1.755000e+02 2.740272e-05
1.756000e+02 2.701495e-05
1.757000e+02 2.662834e-05
1.758000e+02 2.624279e-05
1.759000e+02 2.585928e-05
1.760000e+02 2.547642e-05
1.761000e+02 2.509525e-05
1.762000e+02 2.471504e-05
1.763000e+02 2.437529e-05
1.764000e+02 2.406610e-05
1.765000e+02 2.375838e-05
1.766000e+02 2.345147e-05
1.767000e+02 2.314647e-05
1.768000e+02 2.284165e-05
1.769000e+02 2.253808e-05
1.770000e+02 2.223582e-05
1.771000e+02 2.193417e-05
1.772000e+02 2.163385e-05
1.773000e+02 2.133449e-05
1.774000e+02 2.103615e-05
1.775000e+02 2.073884e-05
1.776000e+02 2.044249e-05
1.777000e+02 2.014699e-05
1.778000e+02 1.985302e-05
1.779000e+02 1.955957e-05
1.780000e+02 1.926721e-05
1.781000e+02 1.897580e-05
1.782000e+02 1.868565e-05
1.783000e+02 1.839533e-05
1.784000e+02 1.810783e-05
1.785000e+02 1.782016e-05
1.786000e+02 1.753378e-05
1.787000e+02 1.724824e-05
1.788000e+02 1.696335e-05
1.789000e+02 1.667986e-05
1.790000e+02 1.639732e-05
1.791000e+02 1.611582e-05
1.792000e+02 1.588319e-05
1.793000e+02 1.565839e-05
1.794000e+02 1.543443e-05
1.795000e+02 1.521132e-05
1.796000e+02 1.498880e-05
1.797000e+02 1.476713e-05
1.798000e+02 1.454933e-05
1.799000e+02 1.432595e-05
1.800000e+02 1.410673e-05
1.801000e+02 1.388804e-05
1.802000e+02 1.367012e-05
1.803000e+02 1.345324e-05
1.804000e+02 1.323681e-05
1.805000e+02 1.302099e-05
1.806000e+02 1.280630e-05
1.807000e+02 1.259204e-05
1.808000e+02 1.237877e-05
1.809000e+02 1.216582e-05
1.810000e+02 1.194025e-05
1.811000e+02 1.174258e-05
1.812000e+02 1.153207e-05
1.813000e+02 1.132206e-05
1.814000e+02 1.111294e-05
1.815000e+02 1.090442e-05
1.816000e+02 1.069671e-05
1.817000e+02 1.049445e-05
1.818000e+02 1.028329e-05
1.819000e+02 1.011894e-05
1.820000e+02 9.957745e-06
1.821000e+02 9.797130e-06
1.822000e+02 9.637335e-06
1.823000e+02 9.477711e-06
1.824000e+02 9.318649e-06
1.825000e+02 9.160334e-06
1.826000e+02 9.002542e-06
1.827000e+02 8.845259e-06
1.828000e+02 8.688444e-06
1.829000e+02 8.532374e-06
1.830000e+02 8.376753e-06
1.831000e+02 8.222414e-06
1.832000e+02 8.067086e-06
1.833000e+02 7.912832e-06
1.834000e+02 7.759356e-06
1.835000e+02 7.606413e-06
1.836000e+02 7.453873e-06
1.837000e+02 7.301986e-06
1.838000e+02 7.150523e-06
1.839000e+02 6.999585e-06
1.840000e+02 6.849072e-06
1.841000e+02 6.699154e-06
1.842000e+02 6.549698e-06
1.843000e+02 6.400870e-06
1.844000e+02 6.279461e-06
1.845000e+02 6.166096e-06
1.846000e+02 6.053037e-06
1.847000e+02 5.940383e-06
1.848000e+02 5.828185e-06
1.849000e+02 5.716344e-06
1.850000e+02 5.604829e-06
1.851000e+02 5.493771e-06
1.852000e+02 5.383139e-06
1.853000e+02 5.272816e-06
1.854000e+02 5.162951e-06
1.855000e+02 5.053289e-06
1.856000e+02 4.944047e-06
1.857000e+02 4.835353e-06
1.858000e+02 4.726951e-06
1.859000e+02 4.618871e-06
1.860000e+02 4.511189e-06
1.861000e+02 4.403879e-06
1.862000e+02 4.296988e-06
1.863000e+02 4.190391e-06
1.864000e+02 4.084081e-06
1.865000e+02 3.978291e-06
1.866000e+02 3.872855e-06
1.867000e+02 3.779070e-06
1.868000e+02 3.701053e-06
1.869000e+02 3.623219e-06
1.870000e+02 3.545801e-06
1.871000e+02 3.468524e-06
1.872000e+02 3.391628e-06
1.873000e+02 3.314906e-06
1.874000e+02 3.238494e-06
1.875000e+02 3.162326e-06
1.876000e+02 3.086448e-06
1.877000e+02 3.010813e-06
1.878000e+02 2.935472e-06
1.879000e+02 2.860423e-06
1.880000e+02 2.785534e-06
1.881000e+02 2.710991e-06
1.882000e+02 2.636667e-06
1.883000e+02 2.562570e-06
1.884000e+02 2.488780e-06
1.885000e+02 2.415185e-06
1.886000e+02 2.341914e-06
1.887000e+02 2.268854e-06
1.888000e+02 2.196048e-06
1.889000e+02 2.141552e-06
1.890000e+02 2.089550e-06
1.891000e+02 2.037717e-06
1.892000e+02 1.986061e-06
1.893000e+02 1.934555e-06
1.894000e+02 1.883267e-06
1.895000e+02 1.832190e-06
1.896000e+02 1.781232e-06
1.897000e+02 1.730461e-06
1.898000e+02 1.679888e-06
1.899000e+02 1.629503e-06
1.900000e+02 1.579240e-06
1.901000e+02 1.529220e-06
1.902000e+02 1.479334e-06
1.903000e+02 1.429597e-06
1.904000e+02 1.380050e-06
1.905000e+02 1.330689e-06
1.906000e+02 1.281503e-06
1.907000e+02 1.232465e-06
1.908000e+02 1.186595e-06
1.909000e+02 1.152989e-06
1.910000e+02 1.119504e-06
1.911000e+02 1.086143e-06
1.912000e+02 1.052929e-06
1.913000e+02 1.020437e-06
1.914000e+02 9.867467e-07
1.915000e+02 9.538312e-07
1.916000e+02 9.210553e-07
1.917000e+02 8.883764e-07
1.918000e+02 8.558272e-07
1.919000e+02 8.233627e-07
1.920000e+02 7.910438e-07
1.921000e+02 7.588227e-07
1.922000e+02 7.267084e-07
1.923000e+02 6.947134e-07
1.924000e+02 6.628361e-07
1.925000e+02 6.310416e-07
1.926000e+02 6.034265e-07
1.927000e+02 5.827421e-07
1.928000e+02 5.621142e-07
1.929000e+02 5.415611e-07
1.930000e+02 5.210765e-07
1.931000e+02 5.006741e-07
1.932000e+02 4.779812e-07
1.933000e+02 4.600660e-07
1.934000e+02 4.398642e-07
1.935000e+02 4.197376e-07
1.936000e+02 3.996846e-07
1.937000e+02 3.796974e-07
1.938000e+02 3.597918e-07
1.939000e+02 3.399424e-07
1.940000e+02 3.201636e-07
1.941000e+02 3.004515e-07
1.942000e+02 2.840442e-07
1.943000e+02 2.719939e-07
1.944000e+02 2.599911e-07
1.945000e+02 2.480253e-07
1.946000e+02 2.361036e-07
1.947000e+02 2.242220e-07
1.948000e+02 2.123924e-07
1.949000e+02 2.005895e-07
1.950000e+02 1.888362e-07
1.951000e+02 1.771198e-07
1.952000e+02 1.654458e-07
1.953000e+02 1.538135e-07
1.954000e+02 1.422251e-07
1.955000e+02 1.306716e-07
1.956000e+02 1.210571e-07
1.957000e+02 1.145508e-07
1.958000e+02 1.080689e-07
1.959000e+02 1.016063e-07
1.960000e+02 9.516789e-08
1.961000e+02 8.875160e-08
1.962000e+02 8.235814e-08
1.963000e+02 7.598814e-08
1.964000e+02 6.963851e-08
1.965000e+02 6.331153e-08
1.966000e+02 5.700738e-08
1.967000e+02 5.072560e-08
1.968000e+02 4.521769e-08
1.969000e+02 4.204789e-08
1.970000e+02 3.888596e-08
1.971000e+02 3.573708e-08
1.972000e+02 3.260028e-08
1.973000e+02 2.947286e-08
1.974000e+02 2.635740e-08
1.975000e+02 2.325240e-08
1.976000e+02 2.015857e-08
1.977000e+02 1.707538e-08
1.978000e+02 1.405751e-08
1.979000e+02 1.272560e-08
1.980000e+02 1.139866e-08
1.981000e+02 1.007691e-08
1.982000e+02 8.758826e-09
1.983000e+02 7.445890e-09
1.984000e+02 6.137509e-09
1.985000e+02 4.833686e-09
1.986000e+02 3.534573e-09
1.987000e+02 2.879149e-09
1.988000e+02 2.438428e-09
1.989000e+02 1.999347e-09
1.990000e+02 1.561771e-09
1.991000e+02 1.125714e-09
1.992000e+02 6.912914e-10
1.993000e+02 3.962622e-10
1.994000e+02 3.006710e-10
1.995000e+02 2.054209e-10
1.996000e+02 1.105085e-10
1.997000e+02 1.734048e-11
1.998000e+02 1.017863e-11
1.999000e+02 3.042488e-12
2.000000e+02 0.000000e+00
