1.000000e-04 -8.629890e-08
1.100000e-03 -9.433190e-04
2.100000e-03 -9.492156e-03
3.100000e-03 -3.401420e-02
4.100000e-03 -7.754444e-02
5.100000e-03 -1.352205e-01
6.100000e-03 -1.941592e-01
7.100000e-03 -2.345166e-01
8.100000e-03 -2.310963e-01
9.100000e-03 -1.550867e-01
1.010000e-02 2.422220e-02
1.110000e-02 3.378554e-01
1.210000e-02 8.157811e-01
1.310000e-02 1.485767e+00
1.410000e-02 2.372469e+00
1.510000e-02 3.496754e+00
1.610000e-02 4.875235e+00
1.710000e-02 6.520015e+00
1.810000e-02 8.438566e+00
1.910000e-02 1.063386e+01
2.010000e-02 1.310451e+01
2.110000e-02 1.584510e+01
2.210000e-02 1.884656e+01
2.310000e-02 2.209660e+01
2.410000e-02 2.558030e+01
2.510000e-02 2.928050e+01
2.610000e-02 3.317841e+01
2.710000e-02 3.725409e+01
2.810000e-02 4.148703e+01
2.910000e-02 4.585653e+01
3.010000e-02 5.034211e+01
3.110000e-02 5.492397e+01
3.210000e-02 5.958368e+01
3.310000e-02 6.430362e+01
3.410000e-02 6.906799e+01
3.510000e-02 7.386283e+01
3.610000e-02 7.867598e+01
3.710000e-02 8.349696e+01
3.810000e-02 8.831797e+01
3.910000e-02 9.313277e+01
4.010000e-02 9.793732e+01
4.110000e-02 1.027293e+02
4.210000e-02 1.075083e+02
4.310000e-02 1.122754e+02
4.410000e-02 1.170336e+02
4.510000e-02 1.217866e+02
4.610000e-02 1.265402e+02
4.710000e-02 1.313009e+02
4.810000e-02 1.360760e+02
4.910000e-02 1.408735e+02
5.010000e-02 1.457015e+02
5.110000e-02 1.505684e+02
5.210000e-02 1.554819e+02
5.310000e-02 1.604498e+02
5.410000e-02 1.654790e+02
5.510000e-02 1.705758e+02
5.610000e-02 1.757458e+02
5.710000e-02 1.809939e+02
5.810000e-02 1.863237e+02
5.910000e-02 1.917376e+02
6.010000e-02 1.972373e+02
6.110000e-02 2.028233e+02
6.210000e-02 2.084945e+02
6.310000e-02 2.142487e+02
6.410000e-02 2.200824e+02
6.510000e-02 2.259905e+02
6.610000e-02 2.319711e+02
6.710000e-02 2.380041e+02
6.810000e-02 2.440933e+02
6.910000e-02 2.502245e+02
7.010000e-02 2.563869e+02
7.110000e-02 2.625686e+02
7.210000e-02 2.687571e+02
7.310000e-02 2.749395e+02
7.410000e-02 2.811022e+02
7.510000e-02 2.872343e+02
7.610000e-02 2.933146e+02
7.710000e-02 2.993375e+02
7.810000e-02 3.052868e+02
7.910000e-02 3.111508e+02
8.010000e-02 3.169174e+02
8.110000e-02 3.225750e+02
8.210000e-02 3.281152e+02
8.310000e-02 3.335272e+02
8.410000e-02 3.388035e+02
8.510000e-02 3.439375e+02
8.610000e-02 3.489232e+02
8.710000e-02 3.537561e+02
8.810000e-02 3.584328e+02
8.910000e-02 3.629513e+02
9.010000e-02 3.673107e+02
9.110000e-02 3.715110e+02
9.210000e-02 3.755539e+02
9.310000e-02 3.794416e+02
9.410000e-02 3.831780e+02
9.510000e-02 3.867675e+02
9.610000e-02 3.902157e+02
9.710000e-02 3.935290e+02
9.810000e-02 3.967147e+02
9.910000e-02 3.997807e+02
1.001000e-01 4.027356e+02
1.011000e-01 4.055885e+02
1.021000e-01 4.083490e+02
1.031000e-01 4.110269e+02
1.041000e-01 4.136322e+02
1.051000e-01 4.161749e+02
1.061000e-01 4.186653e+02
1.071000e-01 4.211132e+02
1.081000e-01 4.235282e+02
1.091000e-01 4.259196e+02
1.101000e-01 4.282962e+02
1.111000e-01 4.306664e+02
1.121000e-01 4.330376e+02
1.131000e-01 4.354168e+02
1.141000e-01 4.378103e+02
1.151000e-01 4.402232e+02
1.161000e-01 4.426599e+02
1.171000e-01 4.451248e+02
1.181000e-01 4.476191e+02
1.191000e-01 4.501467e+02
1.201000e-01 4.527069e+02
1.211000e-01 4.553002e+02
1.221000e-01 4.579259e+02
1.231000e-01 4.605824e+02
1.241000e-01 4.632674e+02
1.251000e-01 4.659777e+02
1.261000e-01 4.687095e+02
1.271000e-01 4.714585e+02
1.281000e-01 4.742198e+02
1.291000e-01 4.769880e+02
1.301000e-01 4.797573e+02
1.311000e-01 4.825217e+02
1.321000e-01 4.852748e+02
1.331000e-01 4.880102e+02
1.341000e-01 4.907219e+02
1.351000e-01 4.934012e+02
1.361000e-01 4.960436e+02
1.371000e-01 4.986422e+02
1.381000e-01 5.011905e+02
1.391000e-01 5.036825e+02
1.401000e-01 5.061127e+02
1.411000e-01 5.084757e+02
1.421000e-01 5.107666e+02
1.431000e-01 5.129810e+02
1.441000e-01 5.151148e+02
1.451000e-01 5.171647e+02
1.461000e-01 5.191278e+02
1.471000e-01 5.210016e+02
1.481000e-01 5.227846e+02
1.491000e-01 5.244763e+02
1.501000e-01 5.260743e+02
1.511000e-01 5.275807e+02
1.521000e-01 5.289957e+02
1.531000e-01 5.303206e+02
1.541000e-01 5.315577e+02
1.551000e-01 5.327085e+02
1.561000e-01 5.337771e+02
1.571000e-01 5.347666e+02
1.581000e-01 5.356811e+02
1.591000e-01 5.365249e+02
1.601000e-01 5.373026e+02
1.611000e-01 5.380193e+02
1.621000e-01 5.386800e+02
1.631000e-01 5.392901e+02
1.641000e-01 5.398550e+02
1.651000e-01 5.403803e+02
1.661000e-01 5.408712e+02
1.671000e-01 5.413336e+02
1.681000e-01 5.417723e+02
1.691000e-01 5.421926e+02
1.701000e-01 5.425993e+02
1.711000e-01 5.429970e+02
1.721000e-01 5.433902e+02
1.731000e-01 5.437828e+02
1.741000e-01 5.441786e+02
1.751000e-01 5.445810e+02
1.761000e-01 5.449930e+02
1.771000e-01 5.454174e+02
1.781000e-01 5.458563e+02
1.791000e-01 5.463116e+02
1.801000e-01 5.467849e+02
1.811000e-01 5.472770e+02
1.821000e-01 5.477888e+02
1.831000e-01 5.483206e+02
1.841000e-01 5.488724e+02
1.851000e-01 5.494431e+02
1.861000e-01 5.500323e+02
1.871000e-01 5.506387e+02
1.881000e-01 5.512607e+02
1.891000e-01 5.518967e+02
1.901000e-01 5.525437e+02
1.911000e-01 5.531999e+02
1.921000e-01 5.538625e+02
1.931000e-01 5.545287e+02
1.941000e-01 5.551953e+02
1.951000e-01 5.558593e+02
1.961000e-01 5.565174e+02
1.971000e-01 5.571664e+02
1.981000e-01 5.578031e+02
1.991000e-01 5.584244e+02
2.001000e-01 5.590270e+02
2.011000e-01 5.596080e+02
2.021000e-01 5.601646e+02
2.031000e-01 5.606941e+02
2.041000e-01 5.611939e+02
2.051000e-01 5.616618e+02
2.061000e-01 5.620958e+02
2.071000e-01 5.624941e+02
2.081000e-01 5.628551e+02
2.091000e-01 5.631777e+02
2.101000e-01 5.634608e+02
2.111000e-01 5.637038e+02
2.121000e-01 5.639061e+02
2.131000e-01 5.640677e+02
2.141000e-01 5.641886e+02
2.151000e-01 5.642691e+02
2.161000e-01 5.643098e+02
2.171000e-01 5.643116e+02
2.181000e-01 5.642756e+02
2.191000e-01 5.642029e+02
2.201000e-01 5.640951e+02
2.211000e-01 5.639538e+02
2.221000e-01 5.637809e+02
2.231000e-01 5.635784e+02
2.241000e-01 5.633483e+02
2.251000e-01 5.630929e+02
2.261000e-01 5.628143e+02
2.271000e-01 5.625149e+02
2.281000e-01 5.621970e+02
2.291000e-01 5.618629e+02
2.301000e-01 5.615151e+02
2.311000e-01 5.611559e+02
2.321000e-01 5.607875e+02
2.331000e-01 5.604122e+02
2.341000e-01 5.600322e+02
2.351000e-01 5.596496e+02
2.361000e-01 5.592662e+02
2.371000e-01 5.588839e+02
2.381000e-01 5.585042e+02
2.391000e-01 5.581288e+02
2.401000e-01 5.577589e+02
2.411000e-01 5.573958e+02
2.421000e-01 5.570404e+02
2.431000e-01 5.566937e+02
2.441000e-01 5.563562e+02
2.451000e-01 5.560284e+02
2.461000e-01 5.557106e+02
2.471000e-01 5.554030e+02
2.481000e-01 5.551053e+02
2.491000e-01 5.548173e+02
2.501000e-01 5.545388e+02
2.511000e-01 5.542691e+02
2.521000e-01 5.540075e+02
2.531000e-01 5.537531e+02
2.541000e-01 5.535051e+02
2.551000e-01 5.532624e+02
2.561000e-01 5.530238e+02
2.571000e-01 5.527880e+02
2.581000e-01 5.525538e+02
2.591000e-01 5.523199e+02
2.601000e-01 5.520850e+02
2.611000e-01 5.518478e+02
2.621000e-01 5.516068e+02
2.631000e-01 5.513609e+02
2.641000e-01 5.511088e+02
2.651000e-01 5.508491e+02
2.661000e-01 5.505807e+02
2.671000e-01 5.503026e+02
2.681000e-01 5.500136e+02
2.691000e-01 5.497128e+02
2.701000e-01 5.493994e+02
2.711000e-01 5.490726e+02
2.721000e-01 5.487318e+02
2.731000e-01 5.483762e+02
2.741000e-01 5.480056e+02
2.751000e-01 5.476195e+02
2.761000e-01 5.472176e+02
2.771000e-01 5.467998e+02
2.781000e-01 5.463661e+02
2.791000e-01 5.459164e+02
2.801000e-01 5.454510e+02
2.811000e-01 5.449701e+02
2.821000e-01 5.444740e+02
2.831000e-01 5.439633e+02
2.841000e-01 5.434384e+02
2.851000e-01 5.429000e+02
2.861000e-01 5.423488e+02
2.871000e-01 5.417856e+02
2.881000e-01 5.412111e+02
2.891000e-01 5.406263e+02
2.901000e-01 5.400320e+02
2.911000e-01 5.394293e+02
2.921000e-01 5.388190e+02
2.931000e-01 5.382022e+02
2.941000e-01 5.375798e+02
2.951000e-01 5.369528e+02
2.961000e-01 5.363221e+02
2.971000e-01 5.356887e+02
2.981000e-01 5.350538e+02
2.991000e-01 5.344173e+02
3.001000e-01 5.337808e+02
3.011000e-01 5.331450e+02
3.021000e-01 5.325104e+02
3.031000e-01 5.318774e+02
3.041000e-01 5.312473e+02
3.051000e-01 5.306200e+02
3.061000e-01 5.299960e+02
3.071000e-01 5.293758e+02
3.081000e-01 5.287595e+02
3.091000e-01 5.281479e+02
3.101000e-01 5.275406e+02
3.111000e-01 5.269378e+02
3.121000e-01 5.263397e+02
3.131000e-01 5.257464e+02
3.141000e-01 5.251570e+02
3.151000e-01 5.245722e+02
3.161000e-01 5.239916e+02
3.171000e-01 5.234149e+02
3.181000e-01 5.228417e+02
3.191000e-01 5.222718e+02
3.201000e-01 5.217047e+02
3.211000e-01 5.211400e+02
3.221000e-01 5.205773e+02
3.231000e-01 5.200161e+02
3.241000e-01 5.194559e+02
3.251000e-01 5.188961e+02
3.261000e-01 5.183364e+02
3.271000e-01 5.177760e+02
3.281000e-01 5.172146e+02
3.291000e-01 5.166515e+02
3.301000e-01 5.160864e+02
3.311000e-01 5.155187e+02
3.321000e-01 5.149480e+02
3.331000e-01 5.143739e+02
3.341000e-01 5.137960e+02
3.351000e-01 5.132139e+02
3.361000e-01 5.126274e+02
3.371000e-01 5.120361e+02
3.381000e-01 5.114398e+02
3.391000e-01 5.108384e+02
3.401000e-01 5.102317e+02
3.411000e-01 5.096196e+02
3.421000e-01 5.090020e+02
3.431000e-01 5.083790e+02
3.441000e-01 5.077505e+02
3.451000e-01 5.071167e+02
3.461000e-01 5.064776e+02
3.471000e-01 5.058335e+02
3.481000e-01 5.051843e+02
3.491000e-01 5.045305e+02
3.501000e-01 5.038722e+02
3.511000e-01 5.032096e+02
3.521000e-01 5.025430e+02
3.531000e-01 5.018727e+02
3.541000e-01 5.011991e+02
3.551000e-01 5.005224e+02
3.561000e-01 4.998430e+02
3.571000e-01 4.991612e+02
3.581000e-01 4.984773e+02
3.591000e-01 4.977918e+02
3.601000e-01 4.971050e+02
3.611000e-01 4.964173e+02
3.621000e-01 4.957289e+02
3.631000e-01 4.950402e+02
3.641000e-01 4.943515e+02
3.651000e-01 4.936631e+02
3.661000e-01 4.929755e+02
3.671000e-01 4.922887e+02
3.681000e-01 4.916031e+02
3.691000e-01 4.909190e+02
3.701000e-01 4.902365e+02
3.711000e-01 4.895558e+02
3.721000e-01 4.888770e+02
3.731000e-01 4.882002e+02
3.741000e-01 4.875261e+02
3.751000e-01 4.868541e+02
3.761000e-01 4.861845e+02
3.771000e-01 4.855172e+02
3.781000e-01 4.848524e+02
3.791000e-01 4.841900e+02
3.801000e-01 4.835299e+02
3.811000e-01 4.828718e+02
3.821000e-01 4.822164e+02
3.831000e-01 4.815628e+02
3.841000e-01 4.809110e+02
3.851000e-01 4.802611e+02
3.861000e-01 4.796130e+02
3.871000e-01 4.789663e+02
3.881000e-01 4.783211e+02
3.891000e-01 4.776769e+02
3.901000e-01 4.770337e+02
3.911000e-01 4.763914e+02
3.921000e-01 4.757496e+02
3.931000e-01 4.751083e+02
3.941000e-01 4.744673e+02
3.951000e-01 4.738264e+02
3.961000e-01 4.731854e+02
3.971000e-01 4.725441e+02
3.981000e-01 4.719025e+02
3.991000e-01 4.712603e+02
4.001000e-01 4.706174e+02
4.011000e-01 4.699737e+02
4.021000e-01 4.693291e+02
4.031000e-01 4.686836e+02
4.041000e-01 4.680369e+02
4.051000e-01 4.673890e+02
4.061000e-01 4.667400e+02
4.071000e-01 4.660897e+02
4.081000e-01 4.654382e+02
4.091000e-01 4.647854e+02
4.101000e-01 4.641313e+02
4.111000e-01 4.634760e+02
4.121000e-01 4.628194e+02
4.131000e-01 4.621616e+02
4.141000e-01 4.615028e+02
4.151000e-01 4.608429e+02
4.161000e-01 4.601820e+02
4.171000e-01 4.595202e+02
4.181000e-01 4.588576e+02
4.191000e-01 4.581944e+02
4.201000e-01 4.575307e+02
4.211000e-01 4.568665e+02
4.221000e-01 4.562020e+02
4.231000e-01 4.555373e+02
4.241000e-01 4.548726e+02
4.251000e-01 4.542080e+02
4.261000e-01 4.535435e+02
4.271000e-01 4.528795e+02
4.281000e-01 4.522159e+02
4.291000e-01 4.515528e+02
4.301000e-01 4.508905e+02
4.311000e-01 4.502290e+02
4.321000e-01 4.495684e+02
4.331000e-01 4.489087e+02
4.341000e-01 4.482502e+02
4.351000e-01 4.475928e+02
4.361000e-01 4.469367e+02
4.371000e-01 4.462819e+02
4.381000e-01 4.456284e+02
4.391000e-01 4.449763e+02
4.401000e-01 4.443257e+02
4.411000e-01 4.436766e+02
4.421000e-01 4.430290e+02
4.431000e-01 4.423829e+02
4.441000e-01 4.417383e+02
4.451000e-01 4.410952e+02
4.461000e-01 4.404537e+02
4.471000e-01 4.398136e+02
4.481000e-01 4.391751e+02
4.491000e-01 4.385380e+02
4.501000e-01 4.379022e+02
4.511000e-01 4.372679e+02
4.521000e-01 4.366348e+02
4.531000e-01 4.360030e+02
4.541000e-01 4.353725e+02
4.551000e-01 4.347431e+02
4.561000e-01 4.341148e+02
4.571000e-01 4.334874e+02
4.581000e-01 4.328611e+02
4.591000e-01 4.322356e+02
4.601000e-01 4.316109e+02
4.611000e-01 4.309870e+02
4.621000e-01 4.303638e+02
4.631000e-01 4.297412e+02
4.641000e-01 4.291192e+02
4.651000e-01 4.284977e+02
4.661000e-01 4.278766e+02
4.671000e-01 4.272560e+02
4.681000e-01 4.266358e+02
4.691000e-01 4.260159e+02
4.701000e-01 4.253963e+02
4.711000e-01 4.247771e+02
4.721000e-01 4.241581e+02
4.731000e-01 4.235393e+02
4.741000e-01 4.229209e+02
4.751000e-01 4.223027e+02
4.761000e-01 4.216848e+02
4.771000e-01 4.210671e+02
4.781000e-01 4.204497e+02
4.791000e-01 4.198326e+02
4.801000e-01 4.192158e+02
4.811000e-01 4.186016e+02
4.821000e-01 4.179833e+02
4.831000e-01 4.173676e+02
4.841000e-01 4.167523e+02
4.851000e-01 4.161374e+02
4.861000e-01 4.155230e+02
4.871000e-01 4.149092e+02
4.881000e-01 4.142959e+02
4.891000e-01 4.136832e+02
4.901000e-01 4.130711e+02
4.911000e-01 4.124597e+02
4.921000e-01 4.118490e+02
4.931000e-01 4.112391e+02
4.941000e-01 4.106299e+02
4.951000e-01 4.100217e+02
4.961000e-01 4.094143e+02
4.971000e-01 4.088078e+02
4.981000e-01 4.082024e+02
4.991000e-01 4.075979e+02
5.001000e-01 4.069945e+02
5.011000e-01 4.063921e+02
5.021000e-01 4.057908e+02
5.031000e-01 4.051907e+02
5.041000e-01 4.045917e+02
5.051000e-01 4.039939e+02
5.061000e-01 4.033973e+02
5.071000e-01 4.028018e+02
5.081000e-01 4.022076e+02
5.091000e-01 4.016145e+02
5.101000e-01 4.010226e+02
5.111000e-01 4.004320e+02
5.121000e-01 3.998425e+02
5.131000e-01 3.992542e+02
5.141000e-01 3.986671e+02
5.151000e-01 3.980812e+02
5.161000e-01 3.974964e+02
5.171000e-01 3.969146e+02
5.181000e-01 3.963303e+02
5.191000e-01 3.957489e+02
5.201000e-01 3.951686e+02
5.211000e-01 3.945893e+02
5.221000e-01 3.940111e+02
5.231000e-01 3.934340e+02
5.241000e-01 3.928578e+02
5.251000e-01 3.922827e+02
5.261000e-01 3.917085e+02
5.271000e-01 3.911353e+02
5.281000e-01 3.905630e+02
5.291000e-01 3.899915e+02
5.301000e-01 3.894210e+02
5.311000e-01 3.888514e+02
5.321000e-01 3.882826e+02
5.331000e-01 3.877147e+02
5.341000e-01 3.871475e+02
5.351000e-01 3.865812e+02
5.361000e-01 3.860157e+02
5.371000e-01 3.854509e+02
5.381000e-01 3.848869e+02
5.391000e-01 3.843237e+02
5.401000e-01 3.837612e+02
5.411000e-01 3.831994e+02
5.421000e-01 3.826384e+02
5.431000e-01 3.820782e+02
5.441000e-01 3.815187e+02
5.451000e-01 3.809599e+02
5.461000e-01 3.804033e+02
5.471000e-01 3.798446e+02
5.481000e-01 3.792881e+02
5.491000e-01 3.787324e+02
5.501000e-01 3.781775e+02
5.511000e-01 3.776233e+02
5.521000e-01 3.770700e+02
5.531000e-01 3.765175e+02
5.541000e-01 3.759658e+02
5.551000e-01 3.754150e+02
5.561000e-01 3.748650e+02
5.571000e-01 3.743159e+02
5.581000e-01 3.737677e+02
5.591000e-01 3.732204e+02
5.601000e-01 3.726740e+02
5.611000e-01 3.721285e+02
5.621000e-01 3.715839e+02
5.631000e-01 3.710403e+02
5.641000e-01 3.704976e+02
5.651000e-01 3.699559e+02
5.661000e-01 3.694152e+02
5.671000e-01 3.688754e+02
5.681000e-01 3.683366e+02
5.691000e-01 3.677988e+02
5.701000e-01 3.672620e+02
5.711000e-01 3.667262e+02
5.721000e-01 3.661914e+02
5.731000e-01 3.656576e+02
5.741000e-01 3.651249e+02
5.751000e-01 3.645931e+02
5.761000e-01 3.640624e+02
5.771000e-01 3.635327e+02
5.781000e-01 3.630040e+02
5.791000e-01 3.624764e+02
5.801000e-01 3.619497e+02
5.811000e-01 3.614241e+02
5.821000e-01 3.608995e+02
5.831000e-01 3.603759e+02
5.841000e-01 3.598533e+02
5.851000e-01 3.593317e+02
5.861000e-01 3.588111e+02
5.871000e-01 3.582915e+02
5.881000e-01 3.577728e+02
5.891000e-01 3.572552e+02
5.901000e-01 3.567384e+02
5.911000e-01 3.562226e+02
5.921000e-01 3.557078e+02
5.931000e-01 3.551938e+02
5.941000e-01 3.546808e+02
5.951000e-01 3.541687e+02
5.961000e-01 3.536575e+02
5.971000e-01 3.531472e+02
5.981000e-01 3.526377e+02
5.991000e-01 3.521292e+02
6.001000e-01 3.516215e+02
6.011000e-01 3.511147e+02
6.021000e-01 3.506088e+02
6.031000e-01 3.501037e+02
6.041000e-01 3.495994e+02
6.051000e-01 3.490961e+02
6.061000e-01 3.485936e+02
6.071000e-01 3.480919e+02
6.081000e-01 3.475911e+02
6.091000e-01 3.470911e+02
6.101000e-01 3.465920e+02
6.111000e-01 3.460937e+02
6.121000e-01 3.455963e+02
6.131000e-01 3.450996e+02
6.141000e-01 3.446038e+02
6.151000e-01 3.441089e+02
6.161000e-01 3.436148e+02
6.171000e-01 3.431215e+02
6.181000e-01 3.426291e+02
6.191000e-01 3.421375e+02
6.201000e-01 3.416467e+02
6.211000e-01 3.411568e+02
6.221000e-01 3.406678e+02
6.231000e-01 3.401795e+02
6.241000e-01 3.396922e+02
6.251000e-01 3.392056e+02
6.261000e-01 3.387200e+02
6.271000e-01 3.382352e+02
6.281000e-01 3.377512e+02
6.291000e-01 3.372682e+02
6.301000e-01 3.367860e+02
6.311000e-01 3.363046e+02
6.321000e-01 3.358242e+02
6.331000e-01 3.353446e+02
6.341000e-01 3.348659e+02
6.351000e-01 3.343881e+02
6.361000e-01 3.339112e+02
6.371000e-01 3.334352e+02
6.381000e-01 3.329600e+02
6.391000e-01 3.324857e+02
6.401000e-01 3.320124e+02
6.411000e-01 3.315399e+02
6.421000e-01 3.310683e+02
6.431000e-01 3.305977e+02
6.441000e-01 3.301279e+02
6.451000e-01 3.296590e+02
6.461000e-01 3.291910e+02
6.471000e-01 3.287238e+02
6.481000e-01 3.282576e+02
6.491000e-01 3.277923e+02
6.501000e-01 3.273279e+02
6.511000e-01 3.268643e+02
6.521000e-01 3.264017e+02
6.531000e-01 3.259399e+02
6.541000e-01 3.254790e+02
6.551000e-01 3.250190e+02
6.561000e-01 3.245599e+02
6.571000e-01 3.241017e+02
6.581000e-01 3.236443e+02
6.591000e-01 3.231879e+02
6.601000e-01 3.227323e+02
6.611000e-01 3.222775e+02
6.621000e-01 3.218237e+02
6.631000e-01 3.213707e+02
6.641000e-01 3.209186e+02
6.651000e-01 3.204674e+02
6.661000e-01 3.200170e+02
6.671000e-01 3.195675e+02
6.681000e-01 3.191189e+02
6.691000e-01 3.186711e+02
6.701000e-01 3.182242e+02
6.711000e-01 3.177781e+02
6.721000e-01 3.173329e+02
6.731000e-01 3.168885e+02
6.741000e-01 3.164450e+02
6.751000e-01 3.160023e+02
6.761000e-01 3.155605e+02
6.771000e-01 3.151195e+02
6.781000e-01 3.146794e+02
6.791000e-01 3.142401e+02
6.801000e-01 3.138016e+02
6.811000e-01 3.133640e+02
6.821000e-01 3.129272e+02
6.831000e-01 3.124912e+02
6.841000e-01 3.120561e+02
6.851000e-01 3.116218e+02
6.861000e-01 3.111883e+02
6.871000e-01 3.107556e+02
6.881000e-01 3.103237e+02
6.891000e-01 3.098927e+02
6.901000e-01 3.094624e+02
6.911000e-01 3.090330e+02
6.921000e-01 3.086044e+02
6.931000e-01 3.081765e+02
6.941000e-01 3.077495e+02
6.951000e-01 3.073233e+02
6.961000e-01 3.068979e+02
6.971000e-01 3.064733e+02
6.981000e-01 3.060494e+02
6.991000e-01 3.056264e+02
7.001000e-01 3.052041e+02
7.011000e-01 3.047826e+02
7.021000e-01 3.043619e+02
7.031000e-01 3.039420e+02
7.041000e-01 3.035229e+02
7.051000e-01 3.031045e+02
7.061000e-01 3.026869e+02
7.071000e-01 3.022701e+02
7.081000e-01 3.018540e+02
7.091000e-01 3.014388e+02
7.101000e-01 3.010242e+02
7.111000e-01 3.006105e+02
7.121000e-01 3.001975e+02
7.131000e-01 2.997853e+02
7.141000e-01 2.993738e+02
7.151000e-01 2.989631e+02
7.161000e-01 2.985532e+02
7.171000e-01 2.981440e+02
7.181000e-01 2.977356e+02
7.191000e-01 2.973279e+02
7.201000e-01 2.969210e+02
7.211000e-01 2.965148e+02
7.221000e-01 2.961094e+02
7.231000e-01 2.957047e+02
7.241000e-01 2.953008e+02
7.251000e-01 2.948976e+02
7.261000e-01 2.944952e+02
7.271000e-01 2.940936e+02
7.281000e-01 2.936926e+02
7.291000e-01 2.932924e+02
7.301000e-01 2.928930e+02
7.311000e-01 2.924943e+02
7.321000e-01 2.920963e+02
7.331000e-01 2.916991e+02
7.341000e-01 2.913026e+02
7.351000e-01 2.909069e+02
7.361000e-01 2.905119e+02
7.371000e-01 2.901176e+02
7.381000e-01 2.897240e+02
7.391000e-01 2.893312e+02
7.401000e-01 2.889391e+02
7.411000e-01 2.885478e+02
7.421000e-01 2.881571e+02
7.431000e-01 2.877672e+02
7.441000e-01 2.873781e+02
7.451000e-01 2.869896e+02
7.461000e-01 2.866015e+02
7.471000e-01 2.862148e+02
7.481000e-01 2.858285e+02
7.491000e-01 2.854430e+02
7.501000e-01 2.850581e+02
7.511000e-01 2.846739e+02
7.521000e-01 2.842905e+02
7.531000e-01 2.839078e+02
7.541000e-01 2.835258e+02
7.551000e-01 2.831445e+02
7.561000e-01 2.827638e+02
7.571000e-01 2.823839e+02
7.581000e-01 2.820047e+02
7.591000e-01 2.816262e+02
7.601000e-01 2.812484e+02
7.611000e-01 2.808713e+02
7.621000e-01 2.804949e+02
7.631000e-01 2.801192e+02
7.641000e-01 2.797441e+02
7.651000e-01 2.793697e+02
7.661000e-01 2.789961e+02
7.671000e-01 2.786232e+02
7.681000e-01 2.782509e+02
7.691000e-01 2.778793e+02
7.701000e-01 2.775083e+02
7.711000e-01 2.771381e+02
7.721000e-01 2.767684e+02
7.731000e-01 2.763995e+02
7.741000e-01 2.760313e+02
7.751000e-01 2.756639e+02
7.761000e-01 2.752970e+02
7.771000e-01 2.749307e+02
7.781000e-01 2.745651e+02
7.791000e-01 2.742002e+02
7.801000e-01 2.738359e+02
7.811000e-01 2.734724e+02
7.821000e-01 2.731096e+02
7.831000e-01 2.727474e+02
7.841000e-01 2.723859e+02
7.851000e-01 2.720249e+02
7.861000e-01 2.716646e+02
7.871000e-01 2.713049e+02
7.881000e-01 2.709459e+02
7.891000e-01 2.705876e+02
7.901000e-01 2.702300e+02
7.911000e-01 2.698730e+02
7.921000e-01 2.695167e+02
7.931000e-01 2.691610e+02
7.941000e-01 2.688058e+02
7.951000e-01 2.684514e+02
7.961000e-01 2.680976e+02
7.971000e-01 2.677445e+02
7.981000e-01 2.673920e+02
7.991000e-01 2.670402e+02
8.001000e-01 2.666888e+02
8.011000e-01 2.663383e+02
8.021000e-01 2.659884e+02
8.031000e-01 2.656391e+02
8.041000e-01 2.652905e+02
8.051000e-01 2.649425e+02
8.061000e-01 2.645951e+02
8.071000e-01 2.642483e+02
8.081000e-01 2.639021e+02
8.091000e-01 2.635566e+02
8.101000e-01 2.632118e+02
8.111000e-01 2.628676e+02
8.121000e-01 2.625240e+02
8.131000e-01 2.621810e+02
8.141000e-01 2.618386e+02
8.151000e-01 2.614968e+02
8.161000e-01 2.611557e+02
8.171000e-01 2.608152e+02
8.181000e-01 2.604753e+02
8.191000e-01 2.601360e+02
8.201000e-01 2.597974e+02
8.211000e-01 2.594594e+02
8.221000e-01 2.591219e+02
8.231000e-01 2.587851e+02
8.241000e-01 2.584489e+02
8.251000e-01 2.581132e+02
8.261000e-01 2.577783e+02
8.271000e-01 2.574439e+02
8.281000e-01 2.571101e+02
8.291000e-01 2.567770e+02
8.301000e-01 2.564444e+02
8.311000e-01 2.561124e+02
8.321000e-01 2.557811e+02
8.331000e-01 2.554502e+02
8.341000e-01 2.551201e+02
8.351000e-01 2.547905e+02
8.361000e-01 2.544620e+02
8.371000e-01 2.541332e+02
8.381000e-01 2.538054e+02
8.391000e-01 2.534782e+02
8.401000e-01 2.531516e+02
8.411000e-01 2.528255e+02
8.421000e-01 2.525001e+02
8.431000e-01 2.521753e+02
8.441000e-01 2.518511e+02
8.451000e-01 2.515274e+02
8.461000e-01 2.512044e+02
8.471000e-01 2.508819e+02
8.481000e-01 2.505600e+02
8.491000e-01 2.502386e+02
8.501000e-01 2.499179e+02
8.511000e-01 2.495978e+02
8.521000e-01 2.492783e+02
8.531000e-01 2.489593e+02
8.541000e-01 2.486409e+02
8.551000e-01 2.483231e+02
8.561000e-01 2.480058e+02
8.571000e-01 2.476892e+02
8.581000e-01 2.473731e+02
8.591000e-01 2.470576e+02
8.601000e-01 2.467427e+02
8.611000e-01 2.464283e+02
8.621000e-01 2.461145e+02
8.631000e-01 2.458013e+02
8.641000e-01 2.454887e+02
8.651000e-01 2.451766e+02
8.661000e-01 2.448652e+02
8.671000e-01 2.445542e+02
8.681000e-01 2.442439e+02
8.691000e-01 2.439341e+02
8.701000e-01 2.436249e+02
8.711000e-01 2.433162e+02
8.721000e-01 2.430081e+02
8.731000e-01 2.427006e+02
8.741000e-01 2.423937e+02
8.751000e-01 2.420873e+02
8.761000e-01 2.417814e+02
8.771000e-01 2.414761e+02
8.781000e-01 2.411714e+02
8.791000e-01 2.408672e+02
8.801000e-01 2.405635e+02
8.811000e-01 2.402606e+02
8.821000e-01 2.399581e+02
8.831000e-01 2.396561e+02
8.841000e-01 2.393547e+02
8.851000e-01 2.390538e+02
8.861000e-01 2.387535e+02
8.871000e-01 2.384538e+02
8.881000e-01 2.381546e+02
8.891000e-01 2.378559e+02
8.901000e-01 2.375578e+02
8.911000e-01 2.372602e+02
8.921000e-01 2.369631e+02
8.931000e-01 2.366666e+02
8.941000e-01 2.363706e+02
8.951000e-01 2.360751e+02
8.961000e-01 2.357802e+02
8.971000e-01 2.354859e+02
8.981000e-01 2.351920e+02
8.991000e-01 2.348987e+02
9.001000e-01 2.346058e+02
9.011000e-01 2.343136e+02
9.021000e-01 2.340218e+02
9.031000e-01 2.337306e+02
9.041000e-01 2.334398e+02
9.051000e-01 2.331496e+02
9.061000e-01 2.328599e+02
9.071000e-01 2.325708e+02
9.081000e-01 2.322821e+02
9.091000e-01 2.319940e+02
9.101000e-01 2.317063e+02
9.111000e-01 2.314192e+02
9.121000e-01 2.311326e+02
9.131000e-01 2.308464e+02
9.141000e-01 2.305608e+02
9.151000e-01 2.302757e+02
9.161000e-01 2.299911e+02
9.171000e-01 2.297073e+02
9.181000e-01 2.294234e+02
9.191000e-01 2.291403e+02
9.201000e-01 2.288577e+02
9.211000e-01 2.285756e+02
9.221000e-01 2.282940e+02
9.231000e-01 2.280129e+02
9.241000e-01 2.277323e+02
9.251000e-01 2.274522e+02
9.261000e-01 2.271725e+02
9.271000e-01 2.268934e+02
9.281000e-01 2.266148e+02
9.291000e-01 2.263366e+02
9.301000e-01 2.260590e+02
9.311000e-01 2.257818e+02
9.321000e-01 2.255052e+02
9.331000e-01 2.252290e+02
9.341000e-01 2.249533e+02
9.351000e-01 2.246781e+02
9.361000e-01 2.244034e+02
9.371000e-01 2.241291e+02
9.381000e-01 2.238554e+02
9.391000e-01 2.235821e+02
9.401000e-01 2.233093e+02
9.411000e-01 2.230370e+02
9.421000e-01 2.227652e+02
9.431000e-01 2.224939e+02
9.441000e-01 2.222230e+02
9.451000e-01 2.219526e+02
9.461000e-01 2.216827e+02
9.471000e-01 2.214133e+02
9.481000e-01 2.211444e+02
9.491000e-01 2.208759e+02
9.501000e-01 2.206079e+02
9.511000e-01 2.203404e+02
9.521000e-01 2.200733e+02
9.531000e-01 2.198068e+02
9.541000e-01 2.195406e+02
9.551000e-01 2.192750e+02
9.561000e-01 2.190098e+02
9.571000e-01 2.187451e+02
9.581000e-01 2.184809e+02
9.591000e-01 2.182170e+02
9.601000e-01 2.179537e+02
9.611000e-01 2.176909e+02
9.621000e-01 2.174285e+02
9.631000e-01 2.171665e+02
9.641000e-01 2.169050e+02
9.651000e-01 2.166440e+02
9.661000e-01 2.163834e+02
9.671000e-01 2.161232e+02
9.681000e-01 2.158636e+02
9.691000e-01 2.156043e+02
9.701000e-01 2.153455e+02
9.711000e-01 2.150872e+02
9.721000e-01 2.148293e+02
9.731000e-01 2.145719e+02
9.741000e-01 2.143149e+02
9.751000e-01 2.140584e+02
9.761000e-01 2.138023e+02
9.771000e-01 2.135466e+02
9.781000e-01 2.132914e+02
9.791000e-01 2.130367e+02
9.801000e-01 2.127824e+02
9.811000e-01 2.125285e+02
9.821000e-01 2.122751e+02
9.831000e-01 2.120221e+02
9.841000e-01 2.117695e+02
9.851000e-01 2.115174e+02
9.861000e-01 2.112657e+02
9.871000e-01 2.110145e+02
9.881000e-01 2.107637e+02
9.891000e-01 2.105133e+02
9.901000e-01 2.102634e+02
9.911000e-01 2.100139e+02
9.921000e-01 2.097649e+02
9.931000e-01 2.095162e+02
9.941000e-01 2.092680e+02
9.951000e-01 2.090203e+02
9.961000e-01 2.087729e+02
9.971000e-01 2.085260e+02
9.981000e-01 2.082795e+02
9.991000e-01 2.080335e+02
1.000000e+00 2.078124e+02
1.100000e+00 1.852330e+02
1.200000e+00 1.660734e+02
1.300000e+00 1.496915e+02
1.400000e+00 1.355812e+02
1.500000e+00 1.233420e+02
1.600000e+00 1.126533e+02
1.700000e+00 1.032589e+02
1.800000e+00 9.496717e+01
1.900000e+00 8.765478e+01
2.000000e+00 8.121540e+01
2.100000e+00 7.549394e+01
2.200000e+00 7.032233e+01
2.300000e+00 6.561694e+01
2.400000e+00 6.135084e+01
2.500000e+00 5.748634e+01
2.600000e+00 5.397587e+01
2.700000e+00 5.077614e+01
2.800000e+00 4.785082e+01
2.900000e+00 4.516891e+01
3.000000e+00 4.270375e+01
3.100000e+00 4.043231e+01
3.200000e+00 3.833435e+01
3.300000e+00 3.639245e+01
3.400000e+00 3.459104e+01
3.500000e+00 3.291620e+01
3.600000e+00 3.135571e+01
3.700000e+00 2.989932e+01
3.800000e+00 2.853866e+01
3.900000e+00 2.726702e+01
4.000000e+00 2.607872e+01
4.100000e+00 2.496827e+01
4.200000e+00 2.392935e+01
4.300000e+00 2.295525e+01
4.400000e+00 2.203934e+01
4.500000e+00 2.117585e+01
4.600000e+00 2.036025e+01
4.700000e+00 1.958895e+01
4.800000e+00 1.885911e+01
4.900000e+00 1.816808e+01
5.000000e+00 1.751332e+01
5.100000e+00 1.689245e+01
5.200000e+00 1.630322e+01
5.300000e+00 1.574351e+01
5.400000e+00 1.521130e+01
5.500000e+00 1.470471e+01
5.600000e+00 1.422200e+01
5.700000e+00 1.376157e+01
5.800000e+00 1.332205e+01
5.900000e+00 1.290216e+01
6.000000e+00 1.250088e+01
6.100000e+00 1.211730e+01
6.200000e+00 1.175066e+01
6.300000e+00 1.140025e+01
6.400000e+00 1.106514e+01
6.500000e+00 1.073999e+01
6.600000e+00 1.043349e+01
6.700000e+00 1.013995e+01
6.800000e+00 9.858577e+00
6.900000e+00 9.588621e+00
7.000000e+00 9.329412e+00
7.100000e+00 9.080349e+00
7.200000e+00 8.840882e+00
7.300000e+00 8.610515e+00
7.400000e+00 8.388781e+00
7.500000e+00 8.175237e+00
7.600000e+00 7.969469e+00
7.700000e+00 7.771070e+00
7.800000e+00 7.579648e+00
7.900000e+00 7.394870e+00
8.000000e+00 7.216372e+00
8.100000e+00 7.043873e+00
8.200000e+00 6.877108e+00
8.300000e+00 6.715846e+00
8.400000e+00 6.559877e+00
8.500000e+00 6.409013e+00
8.600000e+00 6.263083e+00
8.700000e+00 6.121916e+00
8.800000e+00 5.985341e+00
8.900000e+00 5.853192e+00
9.000000e+00 5.725300e+00
9.100000e+00 5.601499e+00
9.200000e+00 5.481625e+00
9.300000e+00 5.365505e+00
9.400000e+00 5.253011e+00
9.500000e+00 5.143973e+00
9.600000e+00 5.038245e+00
9.700000e+00 4.935689e+00
9.800000e+00 4.836171e+00
9.900000e+00 4.739558e+00
1.000000e+01 4.645727e+00
1.010000e+01 4.554561e+00
1.020000e+01 4.465945e+00
1.030000e+01 4.379767e+00
1.040000e+01 4.295926e+00
1.050000e+01 4.214332e+00
1.060000e+01 4.134901e+00
1.070000e+01 4.057903e+00
1.080000e+01 3.982230e+00
1.090000e+01 3.908858e+00
1.100000e+01 3.837385e+00
1.110000e+01 3.767760e+00
1.120000e+01 3.699915e+00
1.130000e+01 3.633808e+00
1.140000e+01 3.569393e+00
1.150000e+01 3.506620e+00
1.160000e+01 3.445436e+00
1.170000e+01 3.385799e+00
1.180000e+01 3.327666e+00
1.190000e+01 3.270985e+00
1.200000e+01 3.215715e+00
1.210000e+01 3.161805e+00
1.220000e+01 3.109219e+00
1.230000e+01 3.057903e+00
1.240000e+01 3.007819e+00
1.250000e+01 2.958918e+00
1.260000e+01 2.911162e+00
1.270000e+01 2.863669e+00
1.280000e+01 2.818928e+00
1.290000e+01 2.774372e+00
1.300000e+01 2.730820e+00
1.310000e+01 2.688226e+00
1.320000e+01 2.646568e+00
1.330000e+01 2.605816e+00
1.340000e+01 2.565946e+00
1.350000e+01 2.526932e+00
1.360000e+01 2.488753e+00
1.370000e+01 2.451381e+00
1.380000e+01 2.414805e+00
1.390000e+01 2.378994e+00
1.400000e+01 2.343941e+00
1.410000e+01 2.309628e+00
1.420000e+01 2.276029e+00
1.430000e+01 2.243136e+00
1.440000e+01 2.210929e+00
1.450000e+01 2.179388e+00
1.460000e+01 2.148494e+00
1.470000e+01 2.118241e+00
1.480000e+01 2.088593e+00
1.490000e+01 2.059561e+00
1.500000e+01 2.031099e+00
1.510000e+01 2.003204e+00
1.520000e+01 1.975869e+00
1.530000e+01 1.949059e+00
1.540000e+01 1.922781e+00
1.550000e+01 1.897000e+00
1.560000e+01 1.871712e+00
1.570000e+01 1.846909e+00
1.580000e+01 1.822559e+00
1.590000e+01 1.798676e+00
1.600000e+01 1.775223e+00
1.610000e+01 1.752211e+00
1.620000e+01 1.729610e+00
1.630000e+01 1.707420e+00
1.640000e+01 1.685643e+00
1.650000e+01 1.664268e+00
1.660000e+01 1.643253e+00
1.670000e+01 1.622619e+00
1.680000e+01 1.602364e+00
1.690000e+01 1.582461e+00
1.700000e+01 1.562917e+00
1.710000e+01 1.543715e+00
1.720000e+01 1.524852e+00
1.730000e+01 1.506321e+00
1.740000e+01 1.488110e+00
1.750000e+01 1.470220e+00
1.760000e+01 1.452635e+00
1.770000e+01 1.435354e+00
1.780000e+01 1.418367e+00
1.790000e+01 1.401668e+00
1.800000e+01 1.385249e+00
1.810000e+01 1.369224e+00
1.820000e+01 1.353325e+00
1.830000e+01 1.337617e+00
1.840000e+01 1.322259e+00
1.850000e+01 1.307152e+00
1.860000e+01 1.292291e+00
1.870000e+01 1.277668e+00
1.880000e+01 1.263279e+00
1.890000e+01 1.249121e+00
1.900000e+01 1.235186e+00
1.910000e+01 1.221470e+00
1.920000e+01 1.207970e+00
1.930000e+01 1.194683e+00
1.940000e+01 1.181605e+00
1.950000e+01 1.168726e+00
1.960000e+01 1.156051e+00
1.970000e+01 1.143570e+00
1.980000e+01 1.131281e+00
1.990000e+01 1.119179e+00
2.000000e+01 1.107265e+00
2.010000e+01 1.095529e+00
2.020000e+01 1.083971e+00
2.030000e+01 1.072588e+00
2.040000e+01 1.061376e+00
2.050000e+01 1.050330e+00
2.060000e+01 1.039450e+00
2.070000e+01 1.028729e+00
2.080000e+01 1.018167e+00
2.090000e+01 1.007759e+00
2.100000e+01 9.975000e-01
2.110000e+01 9.873929e-01
2.120000e+01 9.774313e-01
2.130000e+01 9.676091e-01
2.140000e+01 9.579283e-01
2.150000e+01 9.483870e-01
2.160000e+01 9.389766e-01
2.170000e+01 9.297010e-01
2.180000e+01 9.205561e-01
2.190000e+01 9.115377e-01
2.200000e+01 9.026443e-01
2.210000e+01 8.938729e-01
2.220000e+01 8.852260e-01
2.230000e+01 8.766933e-01
2.240000e+01 8.682823e-01
2.250000e+01 8.599824e-01
2.260000e+01 8.517953e-01
2.270000e+01 8.437227e-01
2.280000e+01 8.357563e-01
2.290000e+01 8.278966e-01
2.300000e+01 8.201419e-01
2.310000e+01 8.124917e-01
2.320000e+01 8.049424e-01
2.330000e+01 7.975002e-01
2.340000e+01 7.901442e-01
2.350000e+01 7.828882e-01
2.360000e+01 7.757293e-01
2.370000e+01 7.686615e-01
2.380000e+01 7.616865e-01
2.390000e+01 7.548023e-01
2.400000e+01 7.480070e-01
2.410000e+01 7.412938e-01
2.420000e+01 7.346697e-01
2.430000e+01 7.281280e-01
2.440000e+01 7.216687e-01
2.450000e+01 7.152919e-01
2.460000e+01 7.089947e-01
2.470000e+01 7.027767e-01
2.480000e+01 6.966367e-01
2.490000e+01 6.905711e-01
2.500000e+01 6.846913e-01
2.510000e+01 6.786639e-01
2.520000e+01 6.728202e-01
2.530000e+01 6.670486e-01
2.540000e+01 6.613460e-01
2.550000e+01 6.557119e-01
2.560000e+01 6.501487e-01
2.570000e+01 6.446512e-01
2.580000e+01 6.392196e-01
2.590000e+01 6.338528e-01
2.600000e+01 6.285497e-01
2.610000e+01 6.233102e-01
2.620000e+01 6.181325e-01
2.630000e+01 6.130158e-01
2.640000e+01 6.079596e-01
2.650000e+01 6.029626e-01
2.660000e+01 5.980239e-01
2.670000e+01 5.931426e-01
2.680000e+01 5.883176e-01
2.690000e+01 5.835482e-01
2.700000e+01 5.788337e-01
2.710000e+01 5.741733e-01
2.720000e+01 5.695661e-01
2.730000e+01 5.650115e-01
2.740000e+01 5.605084e-01
2.750000e+01 5.560561e-01
2.760000e+01 5.516538e-01
2.770000e+01 5.473009e-01
2.780000e+01 5.429967e-01
2.790000e+01 5.387406e-01
2.800000e+01 5.345320e-01
2.810000e+01 5.303701e-01
2.820000e+01 5.262541e-01
2.830000e+01 5.221833e-01
2.840000e+01 5.181571e-01
2.850000e+01 5.141748e-01
2.860000e+01 5.102359e-01
2.870000e+01 5.063396e-01
2.880000e+01 5.024855e-01
2.890000e+01 4.986730e-01
2.900000e+01 4.949016e-01
2.910000e+01 4.911707e-01
2.920000e+01 4.874798e-01
2.930000e+01 4.838282e-01
2.940000e+01 4.802153e-01
2.950000e+01 4.766404e-01
2.960000e+01 4.731032e-01
2.970000e+01 4.696033e-01
2.980000e+01 4.661400e-01
2.990000e+01 4.627130e-01
3.000000e+01 4.593219e-01
3.010000e+01 4.559660e-01
3.020000e+01 4.526448e-01
3.030000e+01 4.493578e-01
3.040000e+01 4.461045e-01
3.050000e+01 4.428845e-01
3.060000e+01 4.396975e-01
3.070000e+01 4.365429e-01
3.080000e+01 4.334205e-01
3.090000e+01 4.303298e-01
3.100000e+01 4.272704e-01
3.110000e+01 4.242417e-01
3.120000e+01 4.212434e-01
3.130000e+01 4.182751e-01
3.140000e+01 4.153364e-01
3.150000e+01 4.124270e-01
3.160000e+01 4.095465e-01
3.170000e+01 4.066945e-01
3.180000e+01 4.038707e-01
3.190000e+01 4.010746e-01
3.200000e+01 3.983059e-01
3.210000e+01 3.955643e-01
3.220000e+01 3.928493e-01
3.230000e+01 3.901607e-01
3.240000e+01 3.874982e-01
3.250000e+01 3.848614e-01
3.260000e+01 3.822501e-01
3.270000e+01 3.796638e-01
3.280000e+01 3.771024e-01
3.290000e+01 3.745654e-01
3.300000e+01 3.720526e-01
3.310000e+01 3.695636e-01
3.320000e+01 3.670982e-01
3.330000e+01 3.646561e-01
3.340000e+01 3.622370e-01
3.350000e+01 3.598406e-01
3.360000e+01 3.574666e-01
3.370000e+01 3.551148e-01
3.380000e+01 3.527849e-01
3.390000e+01 3.504767e-01
3.400000e+01 3.481898e-01
3.410000e+01 3.459241e-01
3.420000e+01 3.436793e-01
3.430000e+01 3.414550e-01
3.440000e+01 3.392511e-01
3.450000e+01 3.370674e-01
3.460000e+01 3.349035e-01
3.470000e+01 3.327593e-01
3.480000e+01 3.306345e-01
3.490000e+01 3.285290e-01
3.500000e+01 3.264425e-01
3.510000e+01 3.243747e-01
3.520000e+01 3.223254e-01
3.530000e+01 3.202945e-01
3.540000e+01 3.182817e-01
3.550000e+01 3.162867e-01
3.560000e+01 3.143094e-01
3.570000e+01 3.123496e-01
3.580000e+01 3.104072e-01
3.590000e+01 3.084818e-01
3.600000e+01 3.065733e-01
3.610000e+01 3.046815e-01
3.620000e+01 3.028062e-01
3.630000e+01 3.009473e-01
3.640000e+01 2.991044e-01
3.650000e+01 2.972775e-01
3.660000e+01 2.954665e-01
3.670000e+01 2.936710e-01
3.680000e+01 2.918910e-01
3.690000e+01 2.901262e-01
3.700000e+01 2.883765e-01
3.710000e+01 2.866417e-01
3.720000e+01 2.849217e-01
3.730000e+01 2.832164e-01
3.740000e+01 2.815254e-01
3.750000e+01 2.798487e-01
3.760000e+01 2.781861e-01
3.770000e+01 2.765376e-01
3.780000e+01 2.749028e-01
3.790000e+01 2.732816e-01
3.800000e+01 2.716740e-01
3.810000e+01 2.700798e-01
3.820000e+01 2.684988e-01
3.830000e+01 2.669309e-01
3.840000e+01 2.653759e-01
3.850000e+01 2.638337e-01
3.860000e+01 2.623043e-01
3.870000e+01 2.607874e-01
3.880000e+01 2.592828e-01
3.890000e+01 2.577905e-01
3.900000e+01 2.563104e-01
3.910000e+01 2.548422e-01
3.920000e+01 2.533860e-01
3.930000e+01 2.519415e-01
3.940000e+01 2.505087e-01
3.950000e+01 2.490874e-01
3.960000e+01 2.476774e-01
3.970000e+01 2.462788e-01
3.980000e+01 2.448914e-01
3.990000e+01 2.435149e-01
4.000000e+01 2.421494e-01
4.010000e+01 2.407948e-01
4.020000e+01 2.394508e-01
4.030000e+01 2.381174e-01
4.040000e+01 2.367945e-01
4.050000e+01 2.354821e-01
4.060000e+01 2.341797e-01
4.070000e+01 2.328878e-01
4.080000e+01 2.316058e-01
4.090000e+01 2.303338e-01
4.100000e+01 2.290717e-01
4.110000e+01 2.278193e-01
4.120000e+01 2.265767e-01
4.130000e+01 2.253436e-01
4.140000e+01 2.241200e-01
4.150000e+01 2.229059e-01
4.160000e+01 2.217010e-01
4.170000e+01 2.205054e-01
4.180000e+01 2.193187e-01
4.190000e+01 2.181412e-01
4.200000e+01 2.169727e-01
4.210000e+01 2.158129e-01
4.220000e+01 2.146619e-01
4.230000e+01 2.135195e-01
4.240000e+01 2.123856e-01
4.250000e+01 2.112604e-01
4.260000e+01 2.101435e-01
4.270000e+01 2.090349e-01
4.280000e+01 2.079347e-01
4.290000e+01 2.068426e-01
4.300000e+01 2.057586e-01
4.310000e+01 2.046827e-01
4.320000e+01 2.036148e-01
4.330000e+01 2.025547e-01
4.340000e+01 2.015024e-01
4.350000e+01 2.004578e-01
4.360000e+01 1.994208e-01
4.370000e+01 1.983914e-01
4.380000e+01 1.973695e-01
4.390000e+01 1.963552e-01
4.400000e+01 1.953481e-01
4.410000e+01 1.943483e-01
4.420000e+01 1.933558e-01
4.430000e+01 1.923704e-01
4.440000e+01 1.913922e-01
4.450000e+01 1.904209e-01
4.460000e+01 1.894567e-01
4.470000e+01 1.884993e-01
4.480000e+01 1.875487e-01
4.490000e+01 1.866050e-01
4.500000e+01 1.856679e-01
4.510000e+01 1.847375e-01
4.520000e+01 1.838136e-01
4.530000e+01 1.828962e-01
4.540000e+01 1.819854e-01
4.550000e+01 1.810808e-01
4.560000e+01 1.801827e-01
4.570000e+01 1.792909e-01
4.580000e+01 1.784053e-01
4.590000e+01 1.775259e-01
4.600000e+01 1.766526e-01
4.610000e+01 1.757854e-01
4.620000e+01 1.749242e-01
4.630000e+01 1.740689e-01
4.640000e+01 1.732196e-01
4.650000e+01 1.723762e-01
4.660000e+01 1.715385e-01
4.670000e+01 1.707066e-01
4.680000e+01 1.698803e-01
4.690000e+01 1.690597e-01
4.700000e+01 1.682447e-01
4.710000e+01 1.674353e-01
4.720000e+01 1.666313e-01
4.730000e+01 1.658329e-01
4.740000e+01 1.650398e-01
4.750000e+01 1.642521e-01
4.760000e+01 1.634696e-01
4.770000e+01 1.626925e-01
4.780000e+01 1.619207e-01
4.790000e+01 1.611539e-01
4.800000e+01 1.603922e-01
4.810000e+01 1.596357e-01
4.820000e+01 1.588842e-01
4.830000e+01 1.581376e-01
4.840000e+01 1.573960e-01
4.850000e+01 1.566594e-01
4.860000e+01 1.559276e-01
4.870000e+01 1.552006e-01
4.880000e+01 1.544785e-01
4.890000e+01 1.537610e-01
4.900000e+01 1.530483e-01
4.910000e+01 1.523402e-01
4.920000e+01 1.516368e-01
4.930000e+01 1.509380e-01
4.940000e+01 1.502438e-01
4.950000e+01 1.495541e-01
4.960000e+01 1.488688e-01
4.970000e+01 1.481880e-01
4.980000e+01 1.475114e-01
4.990000e+01 1.468394e-01
5.000000e+01 1.462411e-01
5.010000e+01 1.455081e-01
5.020000e+01 1.448489e-01
5.030000e+01 1.441938e-01
5.040000e+01 1.435430e-01
5.050000e+01 1.428963e-01
5.060000e+01 1.422537e-01
5.070000e+01 1.416152e-01
5.080000e+01 1.409808e-01
5.090000e+01 1.403504e-01
5.100000e+01 1.397239e-01
5.110000e+01 1.391014e-01
5.120000e+01 1.384828e-01
5.130000e+01 1.378681e-01
5.140000e+01 1.372573e-01
5.150000e+01 1.366503e-01
5.160000e+01 1.360470e-01
5.170000e+01 1.354476e-01
5.180000e+01 1.348519e-01
5.190000e+01 1.342599e-01
5.200000e+01 1.336716e-01
5.210000e+01 1.330869e-01
5.220000e+01 1.325058e-01
5.230000e+01 1.319283e-01
5.240000e+01 1.313544e-01
5.250000e+01 1.307840e-01
5.260000e+01 1.302171e-01
5.270000e+01 1.296537e-01
5.280000e+01 1.290937e-01
5.290000e+01 1.285371e-01
5.300000e+01 1.279839e-01
5.310000e+01 1.274341e-01
5.320000e+01 1.268877e-01
5.330000e+01 1.263445e-01
5.340000e+01 1.258046e-01
5.350000e+01 1.252680e-01
5.360000e+01 1.247346e-01
5.370000e+01 1.242044e-01
5.380000e+01 1.236775e-01
5.390000e+01 1.231537e-01
5.400000e+01 1.226329e-01
5.410000e+01 1.221154e-01
5.420000e+01 1.216010e-01
5.430000e+01 1.210895e-01
5.440000e+01 1.205811e-01
5.450000e+01 1.200758e-01
5.460000e+01 1.195734e-01
5.470000e+01 1.190740e-01
5.480000e+01 1.185775e-01
5.490000e+01 1.180840e-01
5.500000e+01 1.175935e-01
5.510000e+01 1.171057e-01
5.520000e+01 1.166208e-01
5.530000e+01 1.161389e-01
5.540000e+01 1.156596e-01
5.550000e+01 1.151832e-01
5.560000e+01 1.147096e-01
5.570000e+01 1.142388e-01
5.580000e+01 1.137707e-01
5.590000e+01 1.133053e-01
5.600000e+01 1.128426e-01
5.610000e+01 1.123825e-01
5.620000e+01 1.119252e-01
5.630000e+01 1.114704e-01
5.640000e+01 1.110183e-01
5.650000e+01 1.105688e-01
5.660000e+01 1.101219e-01
5.670000e+01 1.096774e-01
5.680000e+01 1.092356e-01
5.690000e+01 1.087962e-01
5.700000e+01 1.083594e-01
5.710000e+01 1.079251e-01
5.720000e+01 1.074931e-01
5.730000e+01 1.070637e-01
5.740000e+01 1.066367e-01
5.750000e+01 1.062122e-01
5.760000e+01 1.057900e-01
5.770000e+01 1.053701e-01
5.780000e+01 1.049526e-01
5.790000e+01 1.045376e-01
5.800000e+01 1.041248e-01
5.810000e+01 1.037143e-01
5.820000e+01 1.033062e-01
5.830000e+01 1.029002e-01
5.840000e+01 1.024967e-01
5.850000e+01 1.020953e-01
5.860000e+01 1.016960e-01
5.870000e+01 1.012991e-01
5.880000e+01 1.009045e-01
5.890000e+01 1.005119e-01
5.900000e+01 1.001214e-01
5.910000e+01 9.973322e-02
5.920000e+01 9.934720e-02
5.930000e+01 9.896316e-02
5.940000e+01 9.858136e-02
5.950000e+01 9.820149e-02
5.960000e+01 9.782378e-02
5.970000e+01 9.744825e-02
5.980000e+01 9.707477e-02
5.990000e+01 9.670313e-02
6.000000e+01 9.633350e-02
6.010000e+01 9.596611e-02
6.020000e+01 9.560064e-02
6.030000e+01 9.523696e-02
6.040000e+01 9.487556e-02
6.050000e+01 9.451584e-02
6.060000e+01 9.415811e-02
6.070000e+01 9.380242e-02
6.080000e+01 9.344880e-02
6.090000e+01 9.309662e-02
6.100000e+01 9.274650e-02
6.110000e+01 9.239835e-02
6.120000e+01 9.205202e-02
6.130000e+01 9.170762e-02
6.140000e+01 9.136500e-02
6.150000e+01 9.102412e-02
6.160000e+01 9.068510e-02
6.170000e+01 9.034788e-02
6.180000e+01 9.001258e-02
6.190000e+01 8.967898e-02
6.200000e+01 8.934697e-02
6.210000e+01 8.901674e-02
6.220000e+01 8.868846e-02
6.230000e+01 8.836203e-02
6.240000e+01 8.803698e-02
6.250000e+01 8.771387e-02
6.260000e+01 8.739228e-02
6.270000e+01 8.707232e-02
6.280000e+01 8.675416e-02
6.290000e+01 8.643779e-02
6.300000e+01 8.612296e-02
6.310000e+01 8.580957e-02
6.320000e+01 8.549794e-02
6.330000e+01 8.518786e-02
6.340000e+01 8.487966e-02
6.350000e+01 8.457310e-02
6.360000e+01 8.426766e-02
6.370000e+01 8.396405e-02
6.380000e+01 8.366201e-02
6.390000e+01 8.336160e-02
6.400000e+01 8.306262e-02
6.410000e+01 8.276541e-02
6.420000e+01 8.246952e-02
6.430000e+01 8.217500e-02
6.440000e+01 8.188206e-02
6.450000e+01 8.159097e-02
6.460000e+01 8.130136e-02
6.470000e+01 8.101283e-02
6.480000e+01 8.072569e-02
6.490000e+01 8.044041e-02
6.500000e+01 8.015612e-02
6.510000e+01 7.987403e-02
6.520000e+01 7.959285e-02
6.530000e+01 7.931318e-02
6.540000e+01 7.903486e-02
6.550000e+01 7.875775e-02
6.560000e+01 7.848238e-02
6.570000e+01 7.820842e-02
6.580000e+01 7.793582e-02
6.590000e+01 7.766445e-02
6.600000e+01 7.739432e-02
6.610000e+01 7.712557e-02
6.620000e+01 7.685856e-02
6.630000e+01 7.659267e-02
6.640000e+01 7.632810e-02
6.650000e+01 7.606468e-02
6.660000e+01 7.580296e-02
6.670000e+01 7.554204e-02
6.680000e+01 7.528278e-02
6.690000e+01 7.502478e-02
6.700000e+01 7.476833e-02
6.710000e+01 7.451275e-02
6.720000e+01 7.425819e-02
6.730000e+01 7.400484e-02
6.740000e+01 7.375363e-02
6.750000e+01 7.350331e-02
6.760000e+01 7.325423e-02
6.770000e+01 7.300598e-02
6.780000e+01 7.275874e-02
6.790000e+01 7.251350e-02
6.800000e+01 7.226962e-02
6.810000e+01 7.202652e-02
6.820000e+01 7.178427e-02
6.830000e+01 7.154353e-02
6.840000e+01 7.130376e-02
6.850000e+01 7.106497e-02
6.860000e+01 7.082795e-02
6.870000e+01 7.059219e-02
6.880000e+01 7.035756e-02
6.890000e+01 7.012324e-02
6.900000e+01 6.989045e-02
6.910000e+01 6.965862e-02
6.920000e+01 6.942903e-02
6.930000e+01 6.919955e-02
6.940000e+01 6.897160e-02
6.950000e+01 6.874405e-02
6.960000e+01 6.851770e-02
6.970000e+01 6.829328e-02
6.980000e+01 6.807012e-02
6.990000e+01 6.784717e-02
7.000000e+01 6.762582e-02
7.010000e+01 6.740484e-02
7.020000e+01 6.718498e-02
7.030000e+01 6.696725e-02
7.040000e+01 6.674985e-02
7.050000e+01 6.653344e-02
7.060000e+01 6.631825e-02
7.070000e+01 6.610344e-02
7.080000e+01 6.589030e-02
7.090000e+01 6.567818e-02
7.100000e+01 6.546758e-02
7.110000e+01 6.525744e-02
7.120000e+01 6.504810e-02
7.130000e+01 6.483933e-02
7.140000e+01 6.463262e-02
7.150000e+01 6.442694e-02
7.160000e+01 6.422200e-02
7.170000e+01 6.401748e-02
7.180000e+01 6.381395e-02
7.190000e+01 6.361117e-02
7.200000e+01 6.341064e-02
7.210000e+01 6.321089e-02
7.220000e+01 6.301146e-02
7.230000e+01 6.281236e-02
7.240000e+01 6.261534e-02
7.250000e+01 6.241792e-02
7.260000e+01 6.222292e-02
7.270000e+01 6.202913e-02
7.280000e+01 6.183440e-02
7.290000e+01 6.164190e-02
7.300000e+01 6.144984e-02
7.310000e+01 6.125933e-02
7.320000e+01 6.106958e-02
7.330000e+01 6.088009e-02
7.340000e+01 6.069154e-02
7.350000e+01 6.050400e-02
7.360000e+01 6.031701e-02
7.370000e+01 6.013240e-02
7.380000e+01 5.994816e-02
7.390000e+01 5.976417e-02
7.400000e+01 5.958072e-02
7.410000e+01 5.939875e-02
7.420000e+01 5.921774e-02
7.430000e+01 5.903699e-02
7.440000e+01 5.885789e-02
7.450000e+01 5.867932e-02
7.460000e+01 5.850143e-02
7.470000e+01 5.832449e-02
7.480000e+01 5.814886e-02
7.490000e+01 5.797313e-02
7.500000e+01 5.779818e-02
7.510000e+01 5.762368e-02
7.520000e+01 5.745214e-02
7.530000e+01 5.728111e-02
7.540000e+01 5.710911e-02
7.550000e+01 5.693833e-02
7.560000e+01 5.676965e-02
7.570000e+01 5.660039e-02
7.580000e+01 5.643266e-02
7.590000e+01 5.626586e-02
7.600000e+01 5.609955e-02
7.610000e+01 5.593428e-02
7.620000e+01 5.576910e-02
7.630000e+01 5.560544e-02
7.640000e+01 5.544262e-02
7.650000e+01 5.527955e-02
7.660000e+01 5.511814e-02
7.670000e+01 5.495737e-02
7.680000e+01 5.479745e-02
7.690000e+01 5.463827e-02
7.700000e+01 5.447976e-02
7.710000e+01 5.432151e-02
7.720000e+01 5.416521e-02
7.730000e+01 5.400901e-02
7.740000e+01 5.385394e-02
7.750000e+01 5.369837e-02
7.760000e+01 5.354503e-02
7.770000e+01 5.339165e-02
7.780000e+01 5.323927e-02
7.790000e+01 5.308752e-02
7.800000e+01 5.293662e-02
7.810000e+01 5.278610e-02
7.820000e+01 5.263717e-02
7.830000e+01 5.248838e-02
7.840000e+01 5.233992e-02
7.850000e+01 5.219255e-02
7.860000e+01 5.204601e-02
7.870000e+01 5.190027e-02
7.880000e+01 5.175563e-02
7.890000e+01 5.161060e-02
7.900000e+01 5.146735e-02
7.910000e+01 5.132425e-02
7.920000e+01 5.118248e-02
7.930000e+01 5.104063e-02
7.940000e+01 5.089930e-02
7.950000e+01 5.075922e-02
7.960000e+01 5.061979e-02
7.970000e+01 5.048075e-02
7.980000e+01 5.034313e-02
7.990000e+01 5.020633e-02
8.000000e+01 5.006984e-02
8.010000e+01 4.993510e-02
8.020000e+01 4.979833e-02
8.030000e+01 4.966409e-02
8.040000e+01 4.952978e-02
8.050000e+01 4.939677e-02
8.060000e+01 4.926396e-02
8.070000e+01 4.913211e-02
8.080000e+01 4.900162e-02
8.090000e+01 4.887162e-02
8.100000e+01 4.874137e-02
8.110000e+01 4.861315e-02
8.120000e+01 4.848399e-02
8.130000e+01 4.835592e-02
8.140000e+01 4.822911e-02
8.150000e+01 4.810363e-02
8.160000e+01 4.797788e-02
8.170000e+01 4.785245e-02
8.180000e+01 4.772935e-02
8.190000e+01 4.760489e-02
8.200000e+01 4.748261e-02
8.210000e+01 4.735976e-02
8.220000e+01 4.723803e-02
8.230000e+01 4.711725e-02
8.240000e+01 4.699695e-02
8.250000e+01 4.687769e-02
8.260000e+01 4.675893e-02
8.270000e+01 4.664138e-02
8.280000e+01 4.652357e-02
8.290000e+01 4.640706e-02
8.300000e+01 4.629075e-02
8.310000e+01 4.617498e-02
8.320000e+01 4.606026e-02
8.330000e+01 4.594622e-02
8.340000e+01 4.583345e-02
8.350000e+01 4.572105e-02
8.360000e+01 4.560869e-02
8.370000e+01 4.549655e-02
8.380000e+01 4.538670e-02
8.390000e+01 4.527690e-02
8.400000e+01 4.516735e-02
8.410000e+01 4.505970e-02
8.420000e+01 4.495082e-02
8.430000e+01 4.484402e-02
8.440000e+01 4.473820e-02
8.450000e+01 4.463191e-02
8.460000e+01 4.453232e-02
8.470000e+01 4.442344e-02
8.480000e+01 4.432444e-02
8.490000e+01 4.421648e-02
8.500000e+01 4.411452e-02
8.510000e+01 4.401300e-02
8.520000e+01 4.391101e-02
8.530000e+01 4.381714e-02
8.540000e+01 4.371307e-02
8.550000e+01 4.361950e-02
8.560000e+01 4.352172e-02
8.570000e+01 4.341930e-02
8.580000e+01 4.332267e-02
8.590000e+01 4.323278e-02
8.600000e+01 4.313354e-02
8.610000e+01 4.304123e-02
8.620000e+01 4.295030e-02
8.630000e+01 4.285759e-02
8.640000e+01 4.276584e-02
8.650000e+01 4.269079e-02
8.660000e+01 4.258429e-02
8.670000e+01 4.249079e-02
8.680000e+01 4.240152e-02
8.690000e+01 4.231830e-02
8.700000e+01 4.222634e-02
8.710000e+01 4.214509e-02
8.720000e+01 4.205641e-02
8.730000e+01 4.198526e-02
8.740000e+01 4.189125e-02
8.750000e+01 4.180402e-02
8.760000e+01 4.172206e-02
8.770000e+01 4.163965e-02
8.780000e+01 4.155980e-02
8.790000e+01 4.148062e-02
8.800000e+01 4.140230e-02
8.810000e+01 4.132507e-02
8.820000e+01 4.124864e-02
8.830000e+01 4.118550e-02
8.840000e+01 4.110138e-02
8.850000e+01 4.102221e-02
8.860000e+01 4.095439e-02
8.870000e+01 4.088889e-02
8.880000e+01 4.080677e-02
8.890000e+01 4.073644e-02
8.900000e+01 4.067275e-02
8.910000e+01 4.060163e-02
8.920000e+01 4.053303e-02
8.930000e+01 4.047173e-02
8.940000e+01 4.040635e-02
8.950000e+01 4.033942e-02
8.960000e+01 4.027483e-02
8.970000e+01 4.021844e-02
8.980000e+01 4.015859e-02
8.990000e+01 4.009944e-02
9.000000e+01 4.003669e-02
9.010000e+01 3.998436e-02
9.020000e+01 3.992440e-02
9.030000e+01 3.987470e-02
9.040000e+01 3.982154e-02
9.050000e+01 3.976978e-02
9.060000e+01 3.971494e-02
9.070000e+01 3.966630e-02
9.080000e+01 3.962319e-02
9.090000e+01 3.957637e-02
9.100000e+01 3.953223e-02
9.110000e+01 3.948581e-02
9.120000e+01 3.944208e-02
9.130000e+01 3.940763e-02
9.140000e+01 3.936918e-02
9.150000e+01 3.933266e-02
9.160000e+01 3.929747e-02
9.170000e+01 3.926450e-02
9.180000e+01 3.923291e-02
9.190000e+01 3.919302e-02
9.200000e+01 3.917527e-02
9.210000e+01 3.914255e-02
9.220000e+01 3.912227e-02
9.230000e+01 3.910034e-02
9.240000e+01 3.908438e-02
9.250000e+01 3.906348e-02
9.260000e+01 3.905183e-02
9.270000e+01 3.903957e-02
9.280000e+01 3.902853e-02
9.290000e+01 3.902050e-02
9.300000e+01 3.901548e-02
9.310000e+01 3.901274e-02
9.320000e+01 3.901062e-02
9.330000e+01 3.901597e-02
9.340000e+01 3.902135e-02
9.350000e+01 3.903133e-02
9.360000e+01 3.904318e-02
9.370000e+01 3.905810e-02
9.380000e+01 3.907754e-02
9.390000e+01 3.908582e-02
9.400000e+01 3.912641e-02
9.410000e+01 3.915345e-02
9.420000e+01 3.918688e-02
9.430000e+01 3.923010e-02
9.440000e+01 3.926526e-02
9.450000e+01 3.932124e-02
9.460000e+01 3.937265e-02
9.470000e+01 3.943168e-02
9.480000e+01 3.949465e-02
9.490000e+01 3.956402e-02
9.500000e+01 3.963902e-02
9.510000e+01 3.972058e-02
9.520000e+01 3.980824e-02
9.530000e+01 3.990315e-02
9.540000e+01 4.000568e-02
9.550000e+01 4.011198e-02
9.560000e+01 4.023510e-02
9.570000e+01 4.036219e-02
9.580000e+01 4.049949e-02
9.590000e+01 4.064689e-02
9.600000e+01 4.080514e-02
9.610000e+01 4.099115e-02
9.620000e+01 4.115749e-02
9.630000e+01 4.135335e-02
9.640000e+01 4.156372e-02
9.650000e+01 4.179018e-02
9.660000e+01 4.203270e-02
9.670000e+01 4.227964e-02
9.680000e+01 4.257449e-02
9.690000e+01 4.287620e-02
9.700000e+01 4.320269e-02
9.710000e+01 4.355320e-02
9.720000e+01 4.393230e-02
9.730000e+01 4.434122e-02
9.740000e+01 4.478288e-02
9.750000e+01 4.526087e-02
9.760000e+01 4.577668e-02
9.770000e+01 4.633484e-02
9.780000e+01 4.694086e-02
9.790000e+01 4.759706e-02
9.800000e+01 4.830656e-02
9.810000e+01 4.907538e-02
9.820000e+01 4.990821e-02
9.830000e+01 5.081215e-02
9.840000e+01 5.179007e-02
9.850000e+01 5.284819e-02
9.860000e+01 5.399654e-02
9.870000e+01 5.524022e-02
9.880000e+01 5.659054e-02
9.890000e+01 5.805700e-02
9.900000e+01 5.966060e-02
9.910000e+01 6.142501e-02
9.920000e+01 6.338381e-02
9.930000e+01 6.559477e-02
9.940000e+01 6.814382e-02
9.950000e+01 7.118239e-02
9.960000e+01 7.495424e-02
9.970000e+01 7.995743e-02
9.980000e+01 8.724644e-02
9.990000e+01 9.969822e-02
1.000000e+02 1.251748e-01
1.001000e+02 9.882322e-02
1.002000e+02 8.562925e-02
1.003000e+02 7.764275e-02
1.004000e+02 7.202943e-02
1.005000e+02 6.768011e-02
1.006000e+02 6.406811e-02
1.007000e+02 6.100766e-02
1.008000e+02 5.830735e-02
1.009000e+02 5.587156e-02
1.010000e+02 5.361767e-02
1.011000e+02 5.158627e-02
1.012000e+02 4.969949e-02
1.013000e+02 4.793843e-02
1.014000e+02 4.629230e-02
1.015000e+02 4.472848e-02
1.016000e+02 4.330173e-02
1.017000e+02 4.196106e-02
1.018000e+02 4.070378e-02
1.019000e+02 3.951954e-02
1.020000e+02 3.840459e-02
1.021000e+02 3.733550e-02
1.022000e+02 3.635920e-02
1.023000e+02 3.544020e-02
1.024000e+02 3.457043e-02
1.025000e+02 3.374988e-02
1.026000e+02 3.297067e-02
1.027000e+02 3.222840e-02
1.028000e+02 3.151426e-02
1.029000e+02 3.084596e-02
1.030000e+02 3.022016e-02
1.031000e+02 2.962354e-02
1.032000e+02 2.905235e-02
1.033000e+02 2.850570e-02
1.034000e+02 2.798067e-02
1.035000e+02 2.747514e-02
1.036000e+02 2.698384e-02
1.037000e+02 2.651035e-02
1.038000e+02 2.607131e-02
1.039000e+02 2.564743e-02
1.040000e+02 2.523869e-02
1.041000e+02 2.484320e-02
1.042000e+02 2.446103e-02
1.043000e+02 2.408820e-02
1.044000e+02 2.372693e-02
1.045000e+02 2.337279e-02
1.046000e+02 2.301831e-02
1.047000e+02 2.269672e-02
1.048000e+02 2.238395e-02
1.049000e+02 2.208212e-02
1.050000e+02 2.178277e-02
1.051000e+02 2.149405e-02
1.052000e+02 2.121206e-02
1.053000e+02 2.093609e-02
1.054000e+02 2.066560e-02
1.055000e+02 2.040083e-02
1.056000e+02 2.013774e-02
1.057000e+02 1.987804e-02
1.058000e+02 1.963942e-02
1.059000e+02 1.940602e-02
1.060000e+02 1.917697e-02
1.061000e+02 1.895317e-02
1.062000e+02 1.873352e-02
1.063000e+02 1.851844e-02
1.064000e+02 1.830706e-02
1.065000e+02 1.809844e-02
1.066000e+02 1.789404e-02
1.067000e+02 1.769186e-02
1.068000e+02 1.748785e-02
1.069000e+02 1.728956e-02
1.070000e+02 1.710539e-02
1.071000e+02 1.692584e-02
1.072000e+02 1.674921e-02
1.073000e+02 1.657511e-02
1.074000e+02 1.640411e-02
1.075000e+02 1.623453e-02
1.076000e+02 1.606917e-02
1.077000e+02 1.590505e-02
1.078000e+02 1.574395e-02
1.079000e+02 1.558420e-02
1.080000e+02 1.542547e-02
1.081000e+02 1.526625e-02
1.082000e+02 1.510539e-02
1.083000e+02 1.496116e-02
1.084000e+02 1.481910e-02
1.085000e+02 1.467910e-02
1.086000e+02 1.454050e-02
1.087000e+02 1.440409e-02
1.088000e+02 1.427091e-02
1.089000e+02 1.413746e-02
1.090000e+02 1.400658e-02
1.091000e+02 1.387701e-02
1.092000e+02 1.374894e-02
1.093000e+02 1.362094e-02
1.094000e+02 1.350246e-02
1.095000e+02 1.336936e-02
1.096000e+02 1.323163e-02
1.097000e+02 1.311687e-02
1.098000e+02 1.300281e-02
1.099000e+02 1.289031e-02
1.100000e+02 1.277896e-02
1.101000e+02 1.266875e-02
1.102000e+02 1.255987e-02
1.103000e+02 1.245269e-02
1.104000e+02 1.234612e-02
1.105000e+02 1.224078e-02
1.106000e+02 1.213655e-02
1.107000e+02 1.203317e-02
1.108000e+02 1.193082e-02
1.109000e+02 1.182906e-02
1.110000e+02 1.172726e-02
1.111000e+02 1.162573e-02
1.112000e+02 1.152198e-02
1.113000e+02 1.141982e-02
1.114000e+02 1.132797e-02
1.115000e+02 1.123732e-02
1.116000e+02 1.114726e-02
1.117000e+02 1.105719e-02
1.118000e+02 1.096985e-02
1.119000e+02 1.088305e-02
1.120000e+02 1.079657e-02
1.121000e+02 1.071040e-02
1.122000e+02 1.062607e-02
1.123000e+02 1.054177e-02
1.124000e+02 1.045976e-02
1.125000e+02 1.037523e-02
1.126000e+02 1.029280e-02
1.127000e+02 1.021103e-02
1.128000e+02 1.012863e-02
1.129000e+02 1.004575e-02
1.130000e+02 9.957899e-03
1.131000e+02 9.878944e-03
1.132000e+02 9.804805e-03
1.133000e+02 9.731484e-03
1.134000e+02 9.658733e-03
1.135000e+02 9.586633e-03
1.136000e+02 9.514489e-03
1.137000e+02 9.444234e-03
1.138000e+02 9.375166e-03
1.139000e+02 9.304193e-03
1.140000e+02 9.234955e-03
1.141000e+02 9.166263e-03
1.142000e+02 9.097941e-03
1.143000e+02 9.030129e-03
1.144000e+02 8.962623e-03
1.145000e+02 8.895582e-03
1.146000e+02 8.836084e-03
1.147000e+02 8.761658e-03
1.148000e+02 8.694163e-03
1.149000e+02 8.625047e-03
1.150000e+02 8.553107e-03
1.151000e+02 8.492685e-03
1.152000e+02 8.432658e-03
1.153000e+02 8.373199e-03
1.154000e+02 8.313964e-03
1.155000e+02 8.266327e-03
1.156000e+02 8.197078e-03
1.157000e+02 8.139366e-03
1.158000e+02 8.081915e-03
1.159000e+02 8.024868e-03
1.160000e+02 7.968299e-03
1.161000e+02 7.912073e-03
1.162000e+02 7.856102e-03
1.163000e+02 7.800289e-03
1.164000e+02 7.745220e-03
1.165000e+02 7.690158e-03
1.166000e+02 7.635224e-03
1.167000e+02 7.580471e-03
1.168000e+02 7.525526e-03
1.169000e+02 7.470429e-03
1.170000e+02 7.414245e-03
1.171000e+02 7.351804e-03
1.172000e+02 7.302311e-03
1.173000e+02 7.252930e-03
1.174000e+02 7.204845e-03
1.175000e+02 7.156091e-03
1.176000e+02 7.108134e-03
1.177000e+02 7.060604e-03
1.178000e+02 7.013745e-03
1.179000e+02 6.965338e-03
1.180000e+02 6.918903e-03
1.181000e+02 6.872256e-03
1.182000e+02 6.826015e-03
1.183000e+02 6.779958e-03
1.184000e+02 6.734053e-03
1.185000e+02 6.688893e-03
1.186000e+02 6.643164e-03
1.187000e+02 6.598282e-03
1.188000e+02 6.553248e-03
1.189000e+02 6.508255e-03
1.190000e+02 6.463465e-03
1.191000e+02 6.418482e-03
1.192000e+02 6.373396e-03
1.193000e+02 6.327490e-03
1.194000e+02 6.278554e-03
1.195000e+02 6.232802e-03
1.196000e+02 6.192537e-03
1.197000e+02 6.152741e-03
1.198000e+02 6.112977e-03
1.199000e+02 6.080211e-03
1.200000e+02 6.034268e-03
1.201000e+02 5.995332e-03
1.202000e+02 5.956536e-03
1.203000e+02 5.918007e-03
1.204000e+02 5.879701e-03
1.205000e+02 5.841546e-03
1.206000e+02 5.803851e-03
1.207000e+02 5.766020e-03
1.208000e+02 5.728326e-03
1.209000e+02 5.690942e-03
1.210000e+02 5.653696e-03
1.211000e+02 5.616660e-03
1.212000e+02 5.579657e-03
1.213000e+02 5.542881e-03
1.214000e+02 5.506042e-03
1.215000e+02 5.469201e-03
1.216000e+02 5.432430e-03
1.217000e+02 5.395260e-03
1.218000e+02 5.357617e-03
1.219000e+02 5.319005e-03
1.220000e+02 5.276625e-03
1.221000e+02 5.243787e-03
1.222000e+02 5.211117e-03
1.223000e+02 5.178619e-03
1.224000e+02 5.145516e-03
1.225000e+02 5.114254e-03
1.226000e+02 5.082270e-03
1.227000e+02 5.050517e-03
1.228000e+02 5.018931e-03
1.229000e+02 5.003002e-03
1.230000e+02 4.956377e-03
1.231000e+02 4.925480e-03
1.232000e+02 4.894211e-03
1.233000e+02 4.863419e-03
1.234000e+02 4.832735e-03
1.235000e+02 4.802251e-03
1.236000e+02 4.771727e-03
1.237000e+02 4.741494e-03
1.238000e+02 4.711124e-03
1.239000e+02 4.681443e-03
1.240000e+02 4.651156e-03
1.241000e+02 4.621182e-03
1.242000e+02 4.591243e-03
1.243000e+02 4.561252e-03
1.244000e+02 4.531322e-03
1.245000e+02 4.500774e-03
1.246000e+02 4.469778e-03
1.247000e+02 4.437142e-03
1.248000e+02 4.402396e-03
1.249000e+02 4.376152e-03
1.250000e+02 4.349562e-03
1.251000e+02 4.323042e-03
1.252000e+02 4.295165e-03
1.253000e+02 4.270528e-03
1.254000e+02 4.244043e-03
1.255000e+02 4.218310e-03
1.256000e+02 4.192783e-03
1.257000e+02 4.167097e-03
1.258000e+02 4.141738e-03
1.259000e+02 4.117073e-03
1.260000e+02 4.090870e-03
1.261000e+02 4.065509e-03
1.262000e+02 4.040507e-03
1.263000e+02 4.015426e-03
1.264000e+02 3.990606e-03
1.265000e+02 3.965825e-03
1.266000e+02 3.941053e-03
1.267000e+02 3.916442e-03
1.268000e+02 3.891881e-03
1.269000e+02 3.867347e-03
1.270000e+02 3.842871e-03
1.271000e+02 3.818383e-03
1.272000e+02 3.793927e-03
1.273000e+02 3.769745e-03
1.274000e+02 3.744857e-03
1.275000e+02 3.720145e-03
1.276000e+02 3.694898e-03
1.277000e+02 3.668187e-03
1.278000e+02 3.637934e-03
1.279000e+02 3.616339e-03
1.280000e+02 3.594807e-03
1.281000e+02 3.573587e-03
1.282000e+02 3.552240e-03
1.283000e+02 3.531109e-03
1.284000e+02 3.510054e-03
1.285000e+02 3.489106e-03
1.286000e+02 3.468368e-03
1.287000e+02 3.447558e-03
1.288000e+02 3.426962e-03
1.289000e+02 3.406409e-03
1.290000e+02 3.386028e-03
1.291000e+02 3.365657e-03
1.292000e+02 3.345217e-03
1.293000e+02 3.325369e-03
1.294000e+02 3.305115e-03
1.295000e+02 3.284825e-03
1.296000e+02 3.264695e-03
1.297000e+02 3.244523e-03
1.298000e+02 3.224527e-03
1.299000e+02 3.204505e-03
1.300000e+02 3.184521e-03
1.301000e+02 3.164645e-03
1.302000e+02 3.144765e-03
1.303000e+02 3.124903e-03
1.304000e+02 3.105039e-03
1.305000e+02 3.085178e-03
1.306000e+02 3.065263e-03
1.307000e+02 3.045233e-03
1.308000e+02 3.025114e-03
1.309000e+02 3.004580e-03
1.310000e+02 2.983412e-03
1.311000e+02 2.959724e-03
1.312000e+02 2.938497e-03
1.313000e+02 2.921600e-03
1.314000e+02 2.904342e-03
1.315000e+02 2.887175e-03
1.316000e+02 2.870085e-03
1.317000e+02 2.852837e-03
1.318000e+02 2.836174e-03
1.319000e+02 2.819228e-03
1.320000e+02 2.802552e-03
1.321000e+02 2.785891e-03
1.322000e+02 2.769271e-03
1.323000e+02 2.752706e-03
1.324000e+02 2.735882e-03
1.325000e+02 2.719897e-03
1.326000e+02 2.703505e-03
1.327000e+02 2.687248e-03
1.328000e+02 2.671049e-03
1.329000e+02 2.654860e-03
1.330000e+02 2.639167e-03
1.331000e+02 2.622882e-03
1.332000e+02 2.606951e-03
1.333000e+02 2.591076e-03
1.334000e+02 2.575314e-03
1.335000e+02 2.559482e-03
1.336000e+02 2.543798e-03
1.337000e+02 2.528142e-03
1.338000e+02 2.512509e-03
1.339000e+02 2.496903e-03
1.340000e+02 2.481379e-03
1.341000e+02 2.465605e-03
1.342000e+02 2.449501e-03
1.343000e+02 2.433502e-03
1.344000e+02 2.417060e-03
1.345000e+02 2.400489e-03
1.346000e+02 2.383499e-03
1.347000e+02 2.365234e-03
1.348000e+02 2.345416e-03
1.349000e+02 2.331544e-03
1.350000e+02 2.317707e-03
1.351000e+02 2.303976e-03
1.352000e+02 2.290300e-03
1.353000e+02 2.276651e-03
1.354000e+02 2.262980e-03
1.355000e+02 2.249497e-03
1.356000e+02 2.236096e-03
1.357000e+02 2.222713e-03
1.358000e+02 2.209328e-03
1.359000e+02 2.196097e-03
1.360000e+02 2.182833e-03
1.361000e+02 2.169674e-03
1.362000e+02 2.156554e-03
1.363000e+02 2.143629e-03
1.364000e+02 2.130434e-03
1.365000e+02 2.117031e-03
1.366000e+02 2.104555e-03
1.367000e+02 2.091686e-03
1.368000e+02 2.078885e-03
1.369000e+02 2.066101e-03
1.370000e+02 2.053397e-03
1.371000e+02 2.040693e-03
1.372000e+02 2.028409e-03
1.373000e+02 2.015457e-03
1.374000e+02 2.002905e-03
1.375000e+02 1.990373e-03
1.376000e+02 1.977889e-03
1.377000e+02 1.964893e-03
1.378000e+02 1.952994e-03
1.379000e+02 1.940604e-03
1.380000e+02 1.928216e-03
1.381000e+02 1.915731e-03
1.382000e+02 1.903422e-03
1.383000e+02 1.891005e-03
1.384000e+02 1.878488e-03
1.385000e+02 1.865961e-03
1.386000e+02 1.853180e-03
1.387000e+02 1.838370e-03
1.388000e+02 1.822798e-03
1.389000e+02 1.811834e-03
1.390000e+02 1.800897e-03
1.391000e+02 1.790031e-03
1.392000e+02 1.779175e-03
1.393000e+02 1.768376e-03
1.394000e+02 1.757639e-03
1.395000e+02 1.746929e-03
1.396000e+02 1.736282e-03
1.397000e+02 1.725647e-03
1.398000e+02 1.715078e-03
1.399000e+02 1.704426e-03
1.400000e+02 1.694031e-03
1.401000e+02 1.683586e-03
1.402000e+02 1.673178e-03
1.403000e+02 1.662800e-03
1.404000e+02 1.652461e-03
1.405000e+02 1.642169e-03
1.406000e+02 1.631898e-03
1.407000e+02 1.621672e-03
1.408000e+02 1.611515e-03
1.409000e+02 1.601386e-03
1.410000e+02 1.591248e-03
1.411000e+02 1.581175e-03
1.412000e+02 1.571131e-03
1.413000e+02 1.555677e-03
1.414000e+02 1.551143e-03
1.415000e+02 1.541181e-03
1.416000e+02 1.531279e-03
1.417000e+02 1.521362e-03
1.418000e+02 1.511511e-03
1.419000e+02 1.501652e-03
1.420000e+02 1.491839e-03
1.421000e+02 1.481941e-03
1.422000e+02 1.472221e-03
1.423000e+02 1.462399e-03
1.424000e+02 1.452644e-03
1.425000e+02 1.442873e-03
1.426000e+02 1.433057e-03
1.427000e+02 1.423212e-03
1.428000e+02 1.413309e-03
1.429000e+02 1.403278e-03
1.430000e+02 1.392988e-03
1.431000e+02 1.382811e-03
1.432000e+02 1.374296e-03
1.433000e+02 1.365619e-03
1.434000e+02 1.357085e-03
1.435000e+02 1.348617e-03
1.436000e+02 1.340108e-03
1.437000e+02 1.331699e-03
1.438000e+02 1.323286e-03
1.439000e+02 1.314908e-03
1.440000e+02 1.306574e-03
1.441000e+02 1.298274e-03
1.442000e+02 1.289994e-03
1.443000e+02 1.281747e-03
1.444000e+02 1.273538e-03
1.445000e+02 1.265475e-03
1.446000e+02 1.257198e-03
1.447000e+02 1.249064e-03
1.448000e+02 1.240985e-03
1.449000e+02 1.232925e-03
1.450000e+02 1.224784e-03
1.451000e+02 1.216878e-03
1.452000e+02 1.208870e-03
1.453000e+02 1.200934e-03
1.454000e+02 1.193017e-03
1.455000e+02 1.185100e-03
1.456000e+02 1.177234e-03
1.457000e+02 1.169375e-03
1.458000e+02 1.161546e-03
1.459000e+02 1.153746e-03
1.460000e+02 1.145936e-03
1.461000e+02 1.138210e-03
1.462000e+02 1.130463e-03
1.463000e+02 1.122741e-03
1.464000e+02 1.109639e-03
1.465000e+02 1.107372e-03
1.466000e+02 1.099681e-03
1.467000e+02 1.092032e-03
1.468000e+02 1.084403e-03
1.469000e+02 1.076750e-03
1.470000e+02 1.069119e-03
1.471000e+02 1.061505e-03
1.472000e+02 1.053870e-03
1.473000e+02 1.046220e-03
1.474000e+02 1.038874e-03
1.475000e+02 1.032113e-03
1.476000e+02 1.025402e-03
1.477000e+02 1.018721e-03
1.478000e+02 1.012035e-03
1.479000e+02 1.005385e-03
1.480000e+02 9.987580e-04
1.481000e+02 9.921547e-04
1.482000e+02 9.854365e-04
1.483000e+02 9.790533e-04
1.484000e+02 9.724233e-04
1.485000e+02 9.660051e-04
1.486000e+02 9.595377e-04
1.487000e+02 9.530811e-04
1.488000e+02 9.466357e-04
1.489000e+02 9.402384e-04
1.490000e+02 9.338652e-04
1.491000e+02 9.274948e-04
1.492000e+02 9.211744e-04
1.493000e+02 9.148373e-04
1.494000e+02 9.085565e-04
1.495000e+02 9.023463e-04
1.496000e+02 8.959508e-04
1.497000e+02 8.898040e-04
1.498000e+02 8.835893e-04
1.499000e+02 8.773984e-04
1.500000e+02 8.712333e-04
1.501000e+02 8.650793e-04
1.502000e+02 8.589771e-04
1.503000e+02 8.529124e-04
1.504000e+02 8.467456e-04
1.505000e+02 8.406852e-04
1.506000e+02 8.346358e-04
1.507000e+02 8.285944e-04
1.508000e+02 8.225783e-04
1.509000e+02 8.165778e-04
1.510000e+02 8.105945e-04
1.511000e+02 8.046269e-04
1.512000e+02 7.986660e-04
1.513000e+02 7.927356e-04
1.514000e+02 7.868046e-04
1.515000e+02 7.808897e-04
1.516000e+02 7.754519e-04
1.517000e+02 7.701405e-04
1.518000e+02 7.648601e-04
1.519000e+02 7.595864e-04
1.520000e+02 7.543384e-04
1.521000e+02 7.491047e-04
1.522000e+02 7.439013e-04
1.523000e+02 7.387078e-04
1.524000e+02 7.335389e-04
1.525000e+02 7.283774e-04
1.526000e+02 7.232491e-04
1.527000e+02 7.181371e-04
1.528000e+02 7.130303e-04
1.529000e+02 7.079612e-04
1.530000e+02 7.029254e-04
1.531000e+02 6.978624e-04
1.532000e+02 6.928283e-04
1.533000e+02 6.878213e-04
1.534000e+02 6.828455e-04
1.535000e+02 6.778624e-04
1.536000e+02 6.729163e-04
1.537000e+02 6.679819e-04
1.538000e+02 6.630577e-04
1.539000e+02 6.581594e-04
1.540000e+02 6.532649e-04
1.541000e+02 6.483968e-04
1.542000e+02 6.435529e-04
1.543000e+02 6.387122e-04
1.544000e+02 6.338981e-04
1.545000e+02 6.290936e-04
1.546000e+02 6.243088e-04
1.547000e+02 6.196949e-04
1.548000e+02 6.147798e-04
1.549000e+02 6.100370e-04
1.550000e+02 6.052658e-04
1.551000e+02 6.006052e-04
1.552000e+02 5.959048e-04
1.553000e+02 5.912189e-04
1.554000e+02 5.865532e-04
1.555000e+02 5.819045e-04
1.556000e+02 5.805615e-04
1.557000e+02 5.747539e-04
1.558000e+02 5.692249e-04
1.559000e+02 5.650655e-04
1.560000e+02 5.609195e-04
1.561000e+02 5.567903e-04
1.562000e+02 5.526804e-04
1.563000e+02 5.485811e-04
1.564000e+02 5.445000e-04
1.565000e+02 5.404309e-04
1.566000e+02 5.363713e-04
1.567000e+02 5.323338e-04
1.568000e+02 5.283107e-04
1.569000e+02 5.242975e-04
1.570000e+02 5.203031e-04
1.571000e+02 5.163230e-04
1.572000e+02 5.123524e-04
1.573000e+02 5.084068e-04
1.574000e+02 5.044655e-04
1.575000e+02 5.005369e-04
1.576000e+02 4.966266e-04
1.577000e+02 4.927355e-04
1.578000e+02 4.888461e-04
1.579000e+02 4.849737e-04
1.580000e+02 4.811169e-04
1.581000e+02 4.772734e-04
1.582000e+02 4.734477e-04
1.583000e+02 4.696305e-04
1.584000e+02 4.658219e-04
1.585000e+02 4.620377e-04
1.586000e+02 4.582591e-04
1.587000e+02 4.544939e-04
1.588000e+02 4.507509e-04
1.589000e+02 4.470027e-04
1.590000e+02 4.451803e-04
1.591000e+02 4.395559e-04
1.592000e+02 4.358608e-04
1.593000e+02 4.321682e-04
1.594000e+02 4.285603e-04
1.595000e+02 4.252540e-04
1.596000e+02 4.219394e-04
1.597000e+02 4.186581e-04
1.598000e+02 4.153840e-04
1.599000e+02 4.121199e-04
1.600000e+02 4.088688e-04
1.601000e+02 4.056240e-04
1.602000e+02 4.023974e-04
1.603000e+02 3.991789e-04
1.604000e+02 3.959742e-04
1.605000e+02 3.927808e-04
1.606000e+02 3.895955e-04
1.607000e+02 3.864259e-04
1.608000e+02 3.832731e-04
1.609000e+02 3.801206e-04
1.610000e+02 3.769793e-04
1.611000e+02 3.738545e-04
1.612000e+02 3.707401e-04
1.613000e+02 3.676334e-04
1.614000e+02 3.645408e-04
1.615000e+02 3.614606e-04
1.616000e+02 3.583868e-04
1.617000e+02 3.553314e-04
1.618000e+02 3.522765e-04
1.619000e+02 3.492387e-04
1.620000e+02 3.462088e-04
1.621000e+02 3.431931e-04
1.622000e+02 3.401880e-04
1.623000e+02 3.371909e-04
1.624000e+02 3.341989e-04
1.625000e+02 3.312253e-04
1.626000e+02 3.282624e-04
1.627000e+02 3.253025e-04
1.628000e+02 3.223599e-04
1.629000e+02 3.194230e-04
1.630000e+02 3.165015e-04
1.631000e+02 3.136475e-04
1.632000e+02 3.110385e-04
1.633000e+02 3.084394e-04
1.634000e+02 3.058563e-04
1.635000e+02 3.032899e-04
1.636000e+02 3.007097e-04
1.637000e+02 2.981457e-04
1.638000e+02 2.955932e-04
1.639000e+02 2.930497e-04
1.640000e+02 2.905167e-04
1.641000e+02 2.879943e-04
1.642000e+02 2.854802e-04
1.643000e+02 2.829732e-04
1.644000e+02 2.804767e-04
1.645000e+02 2.779903e-04
1.646000e+02 2.755109e-04
1.647000e+02 2.729349e-04
1.648000e+02 2.705759e-04
1.649000e+02 2.681266e-04
1.650000e+02 2.656824e-04
1.651000e+02 2.632433e-04
1.652000e+02 2.608217e-04
1.653000e+02 2.583985e-04
1.654000e+02 2.559904e-04
1.655000e+02 2.535897e-04
1.656000e+02 2.511959e-04
1.657000e+02 2.488118e-04
1.658000e+02 2.464336e-04
1.659000e+02 2.440660e-04
1.660000e+02 2.417093e-04
1.661000e+02 2.393541e-04
1.662000e+02 2.370126e-04
1.663000e+02 2.346810e-04
1.664000e+02 2.323488e-04
1.665000e+02 2.300307e-04
1.666000e+02 2.277190e-04
1.667000e+02 2.256305e-04
1.668000e+02 2.235907e-04
1.669000e+02 2.215565e-04
1.670000e+02 2.195329e-04
1.671000e+02 2.175153e-04
1.672000e+02 2.154955e-04
1.673000e+02 2.135041e-04
1.674000e+02 2.115088e-04
1.675000e+02 2.095191e-04
1.676000e+02 2.075389e-04
1.677000e+02 2.055626e-04
1.678000e+02 2.035997e-04
1.679000e+02 2.016936e-04
1.680000e+02 1.996849e-04
1.681000e+02 1.977423e-04
1.682000e+02 1.957998e-04
1.683000e+02 1.938644e-04
1.684000e+02 1.919398e-04
1.685000e+02 1.900572e-04
1.686000e+02 1.881091e-04
1.687000e+02 1.862048e-04
1.688000e+02 1.843051e-04
1.689000e+02 1.824131e-04
1.690000e+02 1.805278e-04
1.691000e+02 1.786487e-04
1.692000e+02 1.767761e-04
1.693000e+02 1.748960e-04
1.694000e+02 1.730535e-04
1.695000e+02 1.712000e-04
1.696000e+02 1.693166e-04
1.697000e+02 1.675178e-04
1.698000e+02 1.661958e-04
1.699000e+02 1.638515e-04
1.700000e+02 1.620478e-04
1.701000e+02 1.604752e-04
1.702000e+02 1.588693e-04
1.703000e+02 1.572889e-04
1.704000e+02 1.557151e-04
1.705000e+02 1.541444e-04
1.706000e+02 1.525813e-04
1.707000e+02 1.510242e-04
1.708000e+02 1.494690e-04
1.709000e+02 1.479225e-04
1.710000e+02 1.463827e-04
1.711000e+02 1.448461e-04
1.712000e+02 1.433139e-04
1.713000e+02 1.417890e-04
1.714000e+02 1.402691e-04
1.715000e+02 1.387561e-04
1.716000e+02 1.372459e-04
1.717000e+02 1.357433e-04
1.718000e+02 1.342446e-04
1.719000e+02 1.327498e-04
1.720000e+02 1.312644e-04
1.721000e+02 1.297809e-04
1.722000e+02 1.282201e-04
1.723000e+02 1.277749e-04
1.724000e+02 1.253636e-04
1.725000e+02 1.239004e-04
1.726000e+02 1.224443e-04
1.727000e+02 1.209913e-04
1.728000e+02 1.195447e-04
1.729000e+02 1.181027e-04
1.730000e+02 1.166661e-04
1.731000e+02 1.152335e-04
1.732000e+02 1.138054e-04
1.733000e+02 1.125713e-04
1.734000e+02 1.113477e-04
1.735000e+02 1.101278e-04
1.736000e+02 1.089123e-04
1.737000e+02 1.076994e-04
1.738000e+02 1.064919e-04
1.739000e+02 1.052882e-04
1.740000e+02 1.040904e-04
1.741000e+02 1.028877e-04
1.742000e+02 1.017041e-04
1.743000e+02 1.005198e-04
1.744000e+02 9.933763e-05
1.745000e+02 9.815985e-05
1.746000e+02 9.698582e-05
1.747000e+02 9.581865e-05
1.748000e+02 9.465208e-05
1.749000e+02 9.349044e-05
1.750000e+02 9.233272e-05
1.751000e+02 9.118004e-05
1.752000e+02 9.007820e-05
1.753000e+02 8.888603e-05
1.754000e+02 8.774483e-05
1.755000e+02 8.660811e-05
1.756000e+02 8.547482e-05
1.757000e+02 8.434609e-05
1.758000e+02 8.321923e-05
1.759000e+02 8.209856e-05
1.760000e+02 8.098111e-05
1.761000e+02 7.986838e-05
1.762000e+02 7.875816e-05
1.763000e+02 7.774671e-05
1.764000e+02 7.680945e-05
1.765000e+02 7.587678e-05
1.766000e+02 7.494694e-05
1.767000e+02 7.402291e-05
1.768000e+02 7.309916e-05
1.769000e+02 7.217982e-05
1.770000e+02 7.126376e-05
1.771000e+02 7.035031e-05
1.772000e+02 6.944147e-05
1.773000e+02 6.853415e-05
1.774000e+02 6.763132e-05
1.775000e+02 6.673146e-05
1.776000e+02 6.583429e-05
1.777000e+02 6.493960e-05
1.778000e+02 6.405039e-05
1.779000e+02 6.316264e-05
1.780000e+02 6.227809e-05
1.781000e+02 6.139656e-05
1.782000e+02 6.051875e-05
1.783000e+02 5.964362e-05
1.784000e+02 5.877196e-05
1.785000e+02 5.790210e-05
1.786000e+02 5.703605e-05
1.787000e+02 5.617298e-05
1.788000e+02 5.531213e-05
1.789000e+02 5.445565e-05
1.790000e+02 5.360199e-05
1.791000e+02 5.275079e-05
1.792000e+02 5.202705e-05
1.793000e+02 5.132396e-05
1.794000e+02 5.062300e-05
1.795000e+02 4.995105e-05
1.796000e+02 4.922849e-05
1.797000e+02 4.853453e-05
1.798000e+02 4.785417e-05
1.799000e+02 4.715475e-05
1.800000e+02 4.646898e-05
1.801000e+02 4.578522e-05
1.802000e+02 4.510355e-05
1.803000e+02 4.442544e-05
1.804000e+02 4.374870e-05
1.805000e+02 4.307423e-05
1.806000e+02 4.240263e-05
1.807000e+02 4.173281e-05
1.808000e+02 4.106652e-05
1.809000e+02 4.036294e-05
1.810000e+02 3.973850e-05
1.811000e+02 3.907837e-05
1.812000e+02 3.842049e-05
1.813000e+02 3.776445e-05
1.814000e+02 3.711135e-05
1.815000e+02 3.646030e-05
1.816000e+02 3.581143e-05
1.817000e+02 3.516473e-05
1.818000e+02 3.452047e-05
1.819000e+02 3.399155e-05
1.820000e+02 3.347120e-05
1.821000e+02 3.295261e-05
1.822000e+02 3.243719e-05
1.823000e+02 3.192172e-05
1.824000e+02 3.140869e-05
1.825000e+02 3.089789e-05
1.826000e+02 3.038857e-05
1.827000e+02 2.988140e-05
1.828000e+02 2.937524e-05
1.829000e+02 2.887178e-05
1.830000e+02 2.836979e-05
1.831000e+02 2.787220e-05
1.832000e+02 2.737091e-05
1.833000e+02 2.687354e-05
1.834000e+02 2.637870e-05
1.835000e+02 2.588544e-05
1.836000e+02 2.539365e-05
1.837000e+02 2.490387e-05
1.838000e+02 2.441571e-05
1.839000e+02 2.392800e-05
1.840000e+02 2.344415e-05
1.841000e+02 2.296085e-05
1.842000e+02 2.247916e-05
1.843000e+02 2.199958e-05
1.844000e+02 2.159923e-05
1.845000e+02 2.122247e-05
1.846000e+02 2.084662e-05
1.847000e+02 2.047223e-05
1.848000e+02 2.009927e-05
1.849000e+02 1.972758e-05
1.850000e+02 1.935694e-05
1.851000e+02 1.898782e-05
1.852000e+02 1.862023e-05
1.853000e+02 1.825370e-05
1.854000e+02 1.788863e-05
1.855000e+02 1.752426e-05
1.856000e+02 1.716152e-05
1.857000e+02 1.680040e-05
1.858000e+02 1.644012e-05
1.859000e+02 1.608111e-05
1.860000e+02 1.572340e-05
1.861000e+02 1.536704e-05
1.862000e+02 1.501209e-05
1.863000e+02 1.465799e-05
1.864000e+02 1.430500e-05
1.865000e+02 1.395375e-05
1.866000e+02 1.360368e-05
1.867000e+02 1.328907e-05
1.868000e+02 1.302245e-05
1.869000e+02 1.275638e-05
1.870000e+02 1.249177e-05
1.871000e+02 1.222778e-05
1.872000e+02 1.196504e-05
1.873000e+02 1.170284e-05
1.874000e+02 1.144176e-05
1.875000e+02 1.118148e-05
1.876000e+02 1.092225e-05
1.877000e+02 1.066385e-05
1.878000e+02 1.040638e-05
1.879000e+02 1.015000e-05
1.880000e+02 9.894279e-06
1.881000e+02 9.639630e-06
1.882000e+02 9.385754e-06
1.883000e+02 9.132678e-06
1.884000e+02 8.880714e-06
1.885000e+02 8.629294e-06
1.886000e+02 8.379068e-06
1.887000e+02 8.129583e-06
1.888000e+02 7.880976e-06
1.889000e+02 7.690552e-06
1.890000e+02 7.508239e-06
1.891000e+02 7.326398e-06
1.892000e+02 7.145285e-06
1.893000e+02 6.964666e-06
1.894000e+02 6.784804e-06
1.895000e+02 6.605697e-06
1.896000e+02 6.426963e-06
1.897000e+02 6.248972e-06
1.898000e+02 6.071699e-06
1.899000e+02 5.895046e-06
1.900000e+02 5.718832e-06
1.901000e+02 5.543443e-06
1.902000e+02 5.368547e-06
1.903000e+02 5.194167e-06
1.904000e+02 5.020470e-06
1.905000e+02 4.847435e-06
1.906000e+02 4.675024e-06
1.907000e+02 4.501849e-06
1.908000e+02 4.341765e-06
1.909000e+02 4.221067e-06
1.910000e+02 4.100807e-06
1.911000e+02 3.980986e-06
1.912000e+02 3.861708e-06
1.913000e+02 3.745182e-06
1.914000e+02 3.623997e-06
1.915000e+02 3.505786e-06
1.916000e+02 3.388082e-06
1.917000e+02 3.270739e-06
1.918000e+02 3.153836e-06
1.919000e+02 3.037259e-06
1.920000e+02 2.921205e-06
1.921000e+02 2.805508e-06
1.922000e+02 2.690201e-06
1.923000e+02 2.575302e-06
1.924000e+02 2.460856e-06
1.925000e+02 2.346696e-06
1.926000e+02 2.246929e-06
1.927000e+02 2.171005e-06
1.928000e+02 2.083670e-06
1.929000e+02 2.019851e-06
1.930000e+02 1.944664e-06
1.931000e+02 1.869789e-06
1.932000e+02 1.795123e-06
1.933000e+02 1.720742e-06
1.934000e+02 1.646593e-06
1.935000e+02 1.572722e-06
1.936000e+02 1.499126e-06
1.937000e+02 1.425786e-06
1.938000e+02 1.352718e-06
1.939000e+02 1.279883e-06
1.940000e+02 1.207298e-06
1.941000e+02 1.134971e-06
1.942000e+02 1.074385e-06
1.943000e+02 1.021200e-06
1.944000e+02 9.843624e-07
1.945000e+02 9.395801e-07
1.946000e+02 8.949616e-07
1.947000e+02 8.504967e-07
1.948000e+02 8.062269e-07
1.949000e+02 7.620553e-07
1.950000e+02 7.180716e-07
1.951000e+02 6.742252e-07
1.952000e+02 6.305387e-07
1.953000e+02 5.870084e-07
1.954000e+02 5.436444e-07
1.955000e+02 5.004088e-07
1.956000e+02 4.642685e-07
1.957000e+02 4.394977e-07
1.958000e+02 4.148172e-07
1.959000e+02 3.902163e-07
1.960000e+02 3.657047e-07
1.961000e+02 3.412774e-07
1.962000e+02 3.169373e-07
1.963000e+02 2.926867e-07
1.964000e+02 2.685138e-07
1.965000e+02 2.444272e-07
1.966000e+02 2.204280e-07
1.967000e+02 1.965140e-07
1.968000e+02 1.755019e-07
1.969000e+02 1.632552e-07
1.970000e+02 1.510390e-07
1.971000e+02 1.388740e-07
1.972000e+02 1.267543e-07
1.973000e+02 1.146717e-07
1.974000e+02 1.026352e-07
1.975000e+02 9.063934e-08
1.976000e+02 7.868665e-08
1.977000e+02 6.737564e-08
1.978000e+02 5.511400e-08
1.979000e+02 4.990480e-08
1.980000e+02 4.471510e-08
1.981000e+02 3.954571e-08
1.982000e+02 3.439069e-08
1.983000e+02 2.925581e-08
1.984000e+02 2.413876e-08
1.985000e+02 1.903954e-08
1.986000e+02 1.395876e-08
1.987000e+02 1.138276e-08
1.988000e+02 9.642289e-09
1.989000e+02 7.908301e-09
1.990000e+02 6.180256e-09
1.991000e+02 4.458213e-09
1.992000e+02 2.742629e-09
1.993000e+02 1.576413e-09
1.994000e+02 1.196207e-09
1.995000e+02 8.173576e-10
1.996000e+02 4.398519e-10
1.997000e+02 6.928254e-11
1.998000e+02 4.066792e-11
1.999000e+02 1.215602e-11
2.000000e+02 0.000000e+00
