1.000000e-04 1.313037e-07
1.100000e-03 1.745757e-03
2.100000e-03 2.110187e-02
3.100000e-03 9.150293e-02
4.100000e-03 2.563104e-01
5.100000e-03 5.628758e-01
6.100000e-03 1.058315e+00
7.100000e-03 1.787421e+00
8.100000e-03 2.789434e+00
9.100000e-03 4.098308e+00
1.010000e-02 5.741386e+00
1.110000e-02 7.739368e+00
1.210000e-02 1.010614e+01
1.310000e-02 1.284991e+01
1.410000e-02 1.597201e+01
1.510000e-02 1.946901e+01
1.610000e-02 2.333253e+01
1.710000e-02 2.754995e+01
1.810000e-02 3.210335e+01
1.910000e-02 3.697897e+01
2.010000e-02 4.215035e+01
2.110000e-02 4.759423e+01
2.210000e-02 5.329296e+01
2.310000e-02 5.921541e+01
2.410000e-02 6.533894e+01
2.510000e-02 7.163919e+01
2.610000e-02 7.809203e+01
2.710000e-02 8.467594e+01
2.810000e-02 9.136734e+01
2.910000e-02 9.814841e+01
3.010000e-02 1.049986e+02
3.110000e-02 1.119026e+02
3.210000e-02 1.188447e+02
3.310000e-02 1.258113e+02
3.410000e-02 1.327927e+02
3.510000e-02 1.397772e+02
3.610000e-02 1.467593e+02
3.710000e-02 1.537308e+02
3.810000e-02 1.606879e+02
3.910000e-02 1.676239e+02
4.010000e-02 1.745469e+02
4.110000e-02 1.814466e+02
4.210000e-02 1.883249e+02
4.310000e-02 1.951837e+02
4.410000e-02 2.020245e+02
4.510000e-02 2.088485e+02
4.610000e-02 2.156605e+02
4.710000e-02 2.224600e+02
4.810000e-02 2.292524e+02
4.910000e-02 2.360404e+02
5.010000e-02 2.428245e+02
5.110000e-02 2.496105e+02
5.210000e-02 2.563932e+02
5.310000e-02 2.631871e+02
5.410000e-02 2.699822e+02
5.510000e-02 2.767801e+02
5.610000e-02 2.835792e+02
5.710000e-02 2.903890e+02
5.810000e-02 2.971962e+02
5.910000e-02 3.040030e+02
6.010000e-02 3.108048e+02
6.110000e-02 3.175961e+02
6.210000e-02 3.243839e+02
6.310000e-02 3.311515e+02
6.410000e-02 3.378975e+02
6.510000e-02 3.446155e+02
6.610000e-02 3.513007e+02
6.710000e-02 3.579441e+02
6.810000e-02 3.645407e+02
6.910000e-02 3.710814e+02
7.010000e-02 3.775595e+02
7.110000e-02 3.839670e+02
7.210000e-02 3.902957e+02
7.310000e-02 3.965388e+02
7.410000e-02 4.026877e+02
7.510000e-02 4.087318e+02
7.610000e-02 4.146766e+02
7.710000e-02 4.205034e+02
7.810000e-02 4.262099e+02
7.910000e-02 4.317914e+02
8.010000e-02 4.372389e+02
8.110000e-02 4.425610e+02
8.210000e-02 4.477419e+02
8.310000e-02 4.527835e+02
8.410000e-02 4.576839e+02
8.510000e-02 4.212451e+02
8.610000e-02 4.669230e+02
8.710000e-02 4.715323e+02
8.810000e-02 4.758657e+02
8.910000e-02 4.800601e+02
9.010000e-02 4.841146e+02
9.110000e-02 4.880428e+02
9.210000e-02 4.918377e+02
9.310000e-02 4.955069e+02
9.410000e-02 4.990551e+02
9.510000e-02 5.024841e+02
9.610000e-02 5.058088e+02
9.710000e-02 5.090254e+02
9.810000e-02 5.121430e+02
9.910000e-02 5.151678e+02
1.001000e-01 5.181034e+02
1.011000e-01 5.209634e+02
1.021000e-01 5.237490e+02
1.031000e-01 5.264662e+02
1.041000e-01 5.290932e+02
1.051000e-01 5.317212e+02
1.061000e-01 5.342751e+02
1.071000e-01 5.367850e+02
1.081000e-01 5.392560e+02
1.091000e-01 5.416938e+02
1.101000e-01 5.441009e+02
1.111000e-01 5.463258e+02
1.121000e-01 5.488525e+02
1.131000e-01 5.511992e+02
1.141000e-01 5.535312e+02
1.151000e-01 5.558484e+02
1.161000e-01 5.581582e+02
1.171000e-01 5.604572e+02
1.181000e-01 5.627465e+02
1.191000e-01 5.650267e+02
1.201000e-01 5.672957e+02
1.211000e-01 5.695582e+02
1.221000e-01 5.717766e+02
1.231000e-01 5.740451e+02
1.241000e-01 5.762671e+02
1.251000e-01 5.784711e+02
1.261000e-01 5.806589e+02
1.271000e-01 5.828227e+02
1.281000e-01 5.849615e+02
1.291000e-01 5.870716e+02
1.301000e-01 5.891504e+02
1.311000e-01 5.911972e+02
1.321000e-01 5.932034e+02
1.331000e-01 5.951691e+02
1.341000e-01 5.970897e+02
1.351000e-01 5.989639e+02
1.361000e-01 6.007880e+02
1.371000e-01 6.025580e+02
1.381000e-01 6.042724e+02
1.391000e-01 6.059269e+02
1.401000e-01 6.075227e+02
1.411000e-01 6.090565e+02
1.421000e-01 6.105241e+02
1.431000e-01 6.119252e+02
1.441000e-01 6.132609e+02
1.451000e-01 6.145304e+02
1.461000e-01 6.157313e+02
1.471000e-01 6.168627e+02
1.481000e-01 6.179266e+02
1.491000e-01 6.189247e+02
1.501000e-01 6.198565e+02
1.511000e-01 6.207218e+02
1.521000e-01 6.215232e+02
1.531000e-01 6.222639e+02
1.541000e-01 6.229449e+02
1.551000e-01 6.235674e+02
1.561000e-01 6.241346e+02
1.571000e-01 6.246502e+02
1.581000e-01 6.249745e+02
1.591000e-01 6.255360e+02
1.601000e-01 6.259118e+02
1.611000e-01 6.262244e+02
1.621000e-01 6.265478e+02
1.631000e-01 6.268133e+02
1.641000e-01 6.270485e+02
1.651000e-01 6.272570e+02
1.661000e-01 6.274414e+02
1.671000e-01 6.276047e+02
1.681000e-01 6.277501e+02
1.691000e-01 6.278805e+02
1.701000e-01 6.279980e+02
1.711000e-01 6.281052e+02
1.721000e-01 6.282046e+02
1.731000e-01 6.282979e+02
1.741000e-01 6.283869e+02
1.751000e-01 6.284734e+02
1.761000e-01 6.285587e+02
1.771000e-01 6.286440e+02
1.781000e-01 6.287303e+02
1.791000e-01 6.288182e+02
1.801000e-01 6.289083e+02
1.811000e-01 6.290008e+02
1.821000e-01 6.290958e+02
1.831000e-01 6.291933e+02
1.841000e-01 6.292929e+02
1.851000e-01 6.293940e+02
1.861000e-01 6.294960e+02
1.871000e-01 6.295981e+02
1.881000e-01 6.296991e+02
1.891000e-01 6.297980e+02
1.901000e-01 6.298934e+02
1.911000e-01 6.299841e+02
1.921000e-01 6.300686e+02
1.931000e-01 6.301453e+02
1.941000e-01 6.302126e+02
1.951000e-01 6.302690e+02
1.961000e-01 6.303128e+02
1.971000e-01 6.303423e+02
1.981000e-01 6.303562e+02
1.991000e-01 6.303529e+02
2.001000e-01 6.303309e+02
2.011000e-01 6.302697e+02
2.021000e-01 6.302257e+02
2.031000e-01 6.301402e+02
2.041000e-01 6.300313e+02
2.051000e-01 6.298981e+02
2.061000e-01 6.297399e+02
2.071000e-01 6.295562e+02
2.081000e-01 6.293464e+02
2.091000e-01 6.289712e+02
2.101000e-01 6.288479e+02
2.111000e-01 6.285420e+02
2.121000e-01 6.282437e+02
2.131000e-01 6.279024e+02
2.141000e-01 6.275355e+02
2.151000e-01 6.271435e+02
2.161000e-01 6.267270e+02
2.171000e-01 6.262867e+02
2.181000e-01 6.258236e+02
2.191000e-01 6.253386e+02
2.201000e-01 6.248328e+02
2.211000e-01 6.242925e+02
2.221000e-01 6.237631e+02
2.231000e-01 6.232018e+02
2.241000e-01 6.226247e+02
2.251000e-01 6.220328e+02
2.261000e-01 6.214277e+02
2.271000e-01 6.208106e+02
2.281000e-01 6.201828e+02
2.291000e-01 6.195457e+02
2.301000e-01 6.189004e+02
2.311000e-01 6.182485e+02
2.321000e-01 6.175911e+02
2.331000e-01 6.169293e+02
2.341000e-01 6.162643e+02
2.351000e-01 6.155972e+02
2.361000e-01 6.149290e+02
2.371000e-01 6.142605e+02
2.381000e-01 6.135924e+02
2.391000e-01 6.129257e+02
2.401000e-01 6.122608e+02
2.411000e-01 6.115878e+02
2.421000e-01 6.109386e+02
2.431000e-01 6.102822e+02
2.441000e-01 6.094902e+02
2.451000e-01 6.089799e+02
2.461000e-01 6.083341e+02
2.471000e-01 6.076919e+02
2.481000e-01 6.070533e+02
2.491000e-01 6.064180e+02
2.501000e-01 6.057749e+02
2.511000e-01 6.051556e+02
2.521000e-01 6.045281e+02
2.531000e-01 6.039024e+02
2.541000e-01 6.032779e+02
2.551000e-01 6.026538e+02
2.561000e-01 6.020297e+02
2.571000e-01 6.014051e+02
2.581000e-01 6.007792e+02
2.591000e-01 6.001511e+02
2.601000e-01 5.995118e+02
2.611000e-01 5.988864e+02
2.621000e-01 5.982485e+02
2.631000e-01 5.976062e+02
2.641000e-01 5.969584e+02
2.651000e-01 5.963049e+02
2.661000e-01 5.956451e+02
2.671000e-01 5.949787e+02
2.681000e-01 5.943050e+02
2.691000e-01 5.936160e+02
2.701000e-01 5.929340e+02
2.711000e-01 5.922364e+02
2.721000e-01 5.915303e+02
2.731000e-01 5.908155e+02
2.741000e-01 5.900918e+02
2.751000e-01 5.893591e+02
2.761000e-01 5.886176e+02
2.771000e-01 5.878673e+02
2.781000e-01 5.871081e+02
2.791000e-01 5.863350e+02
2.801000e-01 5.855637e+02
2.811000e-01 5.847791e+02
2.821000e-01 5.839866e+02
2.831000e-01 5.831864e+02
2.841000e-01 5.823789e+02
2.851000e-01 5.815645e+02
2.861000e-01 5.807438e+02
2.871000e-01 5.799125e+02
2.881000e-01 5.790852e+02
2.891000e-01 5.782482e+02
2.901000e-01 5.774067e+02
2.911000e-01 5.765614e+02
2.921000e-01 5.757129e+02
2.931000e-01 5.748615e+02
2.941000e-01 5.740078e+02
2.951000e-01 5.731523e+02
2.961000e-01 5.722919e+02
2.971000e-01 5.714355e+02
2.981000e-01 5.705806e+02
2.991000e-01 5.697230e+02
3.001000e-01 5.688659e+02
3.011000e-01 5.680098e+02
3.021000e-01 5.671550e+02
3.031000e-01 5.663018e+02
3.041000e-01 5.654476e+02
3.051000e-01 5.645984e+02
3.061000e-01 5.637538e+02
3.071000e-01 5.629092e+02
3.081000e-01 5.620672e+02
3.091000e-01 5.612278e+02
3.101000e-01 5.597622e+02
3.111000e-01 5.595572e+02
3.121000e-01 5.587261e+02
3.131000e-01 5.578956e+02
3.141000e-01 5.570706e+02
3.151000e-01 5.562483e+02
3.161000e-01 5.554274e+02
3.171000e-01 5.546087e+02
3.181000e-01 5.537920e+02
3.191000e-01 5.529772e+02
3.201000e-01 5.521627e+02
3.211000e-01 5.513510e+02
3.221000e-01 5.505419e+02
3.231000e-01 5.497324e+02
3.241000e-01 5.489235e+02
3.251000e-01 5.481151e+02
3.261000e-01 5.473068e+02
3.271000e-01 5.464985e+02
3.281000e-01 5.456888e+02
3.291000e-01 5.448797e+02
3.301000e-01 5.440702e+02
3.311000e-01 5.432593e+02
3.321000e-01 5.424469e+02
3.331000e-01 5.416331e+02
3.341000e-01 5.408174e+02
3.351000e-01 5.399999e+02
3.361000e-01 5.391810e+02
3.371000e-01 5.383606e+02
3.381000e-01 5.375375e+02
3.391000e-01 5.367123e+02
3.401000e-01 5.358849e+02
3.411000e-01 5.350554e+02
3.421000e-01 5.342232e+02
3.431000e-01 5.333894e+02
3.441000e-01 5.325536e+02
3.451000e-01 5.317158e+02
3.461000e-01 5.308758e+02
3.471000e-01 5.300338e+02
3.481000e-01 5.291901e+02
3.491000e-01 5.283450e+02
3.501000e-01 5.274985e+02
3.511000e-01 5.266507e+02
3.521000e-01 5.258017e+02
3.531000e-01 5.249516e+02
3.541000e-01 5.241007e+02
3.551000e-01 5.232493e+02
3.561000e-01 5.223975e+02
3.571000e-01 5.215455e+02
3.581000e-01 5.206934e+02
3.591000e-01 5.198414e+02
3.601000e-01 5.189897e+02
3.611000e-01 5.181385e+02
3.621000e-01 5.172881e+02
3.631000e-01 5.164385e+02
3.641000e-01 5.155899e+02
3.651000e-01 5.147425e+02
3.661000e-01 5.138964e+02
3.671000e-01 5.130518e+02
3.681000e-01 5.122087e+02
3.691000e-01 5.113675e+02
3.701000e-01 5.105280e+02
3.711000e-01 5.096903e+02
3.721000e-01 5.088547e+02
3.731000e-01 5.080211e+02
3.741000e-01 5.071896e+02
3.751000e-01 5.063602e+02
3.761000e-01 5.050201e+02
3.771000e-01 5.047078e+02
3.781000e-01 5.038848e+02
3.791000e-01 5.030639e+02
3.801000e-01 5.022450e+02
3.811000e-01 5.014282e+02
3.821000e-01 5.006134e+02
3.831000e-01 4.998004e+02
3.841000e-01 4.989893e+02
3.851000e-01 4.981800e+02
3.861000e-01 4.973724e+02
3.871000e-01 4.965663e+02
3.881000e-01 4.957618e+02
3.891000e-01 4.949587e+02
3.901000e-01 4.941569e+02
3.911000e-01 4.933564e+02
3.921000e-01 4.925570e+02
3.931000e-01 4.917587e+02
3.941000e-01 4.909614e+02
3.951000e-01 4.901649e+02
3.961000e-01 4.893693e+02
3.971000e-01 4.885743e+02
3.981000e-01 4.877801e+02
3.991000e-01 4.869864e+02
4.001000e-01 4.861932e+02
4.011000e-01 4.854005e+02
4.021000e-01 4.846082e+02
4.031000e-01 4.838163e+02
4.041000e-01 4.830247e+02
4.051000e-01 4.822335e+02
4.061000e-01 4.814425e+02
4.071000e-01 4.806518e+02
4.081000e-01 4.798615e+02
4.091000e-01 4.790714e+02
4.101000e-01 4.782816e+02
4.111000e-01 4.774922e+02
4.121000e-01 4.767031e+02
4.131000e-01 4.759144e+02
4.141000e-01 4.751261e+02
4.151000e-01 4.743382e+02
4.161000e-01 4.735508e+02
4.171000e-01 4.727640e+02
4.181000e-01 4.719778e+02
4.191000e-01 4.711922e+02
4.201000e-01 4.704074e+02
4.211000e-01 4.696234e+02
4.221000e-01 4.688402e+02
4.231000e-01 4.680580e+02
4.241000e-01 4.672767e+02
4.251000e-01 4.664966e+02
4.261000e-01 4.657175e+02
4.271000e-01 4.649397e+02
4.281000e-01 4.641631e+02
4.291000e-01 4.633878e+02
4.301000e-01 4.626139e+02
4.311000e-01 4.618414e+02
4.321000e-01 4.610703e+02
4.331000e-01 4.603008e+02
4.341000e-01 4.595328e+02
4.351000e-01 4.587665e+02
4.361000e-01 4.580017e+02
4.371000e-01 4.572386e+02
4.381000e-01 4.564772e+02
4.391000e-01 4.557174e+02
4.401000e-01 4.549595e+02
4.411000e-01 4.542032e+02
4.421000e-01 4.534487e+02
4.431000e-01 4.526959e+02
4.441000e-01 4.519448e+02
4.451000e-01 4.511954e+02
4.461000e-01 4.504477e+02
4.471000e-01 4.497018e+02
4.481000e-01 4.489577e+02
4.491000e-01 4.482152e+02
4.501000e-01 4.474742e+02
4.511000e-01 4.467349e+02
4.521000e-01 4.459971e+02
4.531000e-01 4.452609e+02
4.541000e-01 4.445263e+02
4.551000e-01 4.437933e+02
4.561000e-01 4.430617e+02
4.571000e-01 4.423315e+02
4.581000e-01 4.416027e+02
4.591000e-01 4.408752e+02
4.601000e-01 4.401490e+02
4.611000e-01 4.394242e+02
4.621000e-01 4.387007e+02
4.631000e-01 4.379784e+02
4.641000e-01 4.372573e+02
4.651000e-01 4.365373e+02
4.661000e-01 4.358185e+02
4.671000e-01 4.351008e+02
4.681000e-01 4.343841e+02
4.691000e-01 4.336686e+02
4.701000e-01 4.329543e+02
4.711000e-01 4.322411e+02
4.721000e-01 4.315288e+02
4.731000e-01 4.308176e+02
4.741000e-01 4.301074e+02
4.751000e-01 4.293982e+02
4.761000e-01 4.286900e+02
4.771000e-01 4.279830e+02
4.781000e-01 4.272771e+02
4.791000e-01 4.265723e+02
4.801000e-01 4.258686e+02
4.811000e-01 4.251659e+02
4.821000e-01 4.244643e+02
4.831000e-01 4.237638e+02
4.841000e-01 4.230643e+02
4.851000e-01 4.223660e+02
4.861000e-01 4.216690e+02
4.871000e-01 4.209734e+02
4.881000e-01 4.202787e+02
4.891000e-01 4.195853e+02
4.901000e-01 4.188931e+02
4.911000e-01 4.182022e+02
4.921000e-01 4.175125e+02
4.931000e-01 4.165011e+02
4.941000e-01 4.161368e+02
4.951000e-01 4.154512e+02
4.961000e-01 4.147671e+02
4.971000e-01 4.140842e+02
4.981000e-01 4.134026e+02
4.991000e-01 4.127224e+02
5.001000e-01 4.120437e+02
5.011000e-01 4.113664e+02
5.021000e-01 4.106904e+02
5.031000e-01 4.100160e+02
5.041000e-01 4.093432e+02
5.051000e-01 4.086720e+02
5.061000e-01 4.080020e+02
5.071000e-01 4.073336e+02
5.081000e-01 4.066666e+02
5.091000e-01 4.060011e+02
5.101000e-01 4.053371e+02
5.111000e-01 4.046743e+02
5.121000e-01 4.040131e+02
5.131000e-01 4.033536e+02
5.141000e-01 4.026957e+02
5.151000e-01 4.020390e+02
5.161000e-01 4.013837e+02
5.171000e-01 4.007299e+02
5.181000e-01 4.000775e+02
5.191000e-01 3.994265e+02
5.201000e-01 3.987477e+02
5.211000e-01 3.981283e+02
5.221000e-01 3.974814e+02
5.231000e-01 3.968363e+02
5.241000e-01 3.961922e+02
5.251000e-01 3.955493e+02
5.261000e-01 3.949079e+02
5.271000e-01 3.942677e+02
5.281000e-01 3.936288e+02
5.291000e-01 3.929912e+02
5.301000e-01 3.923549e+02
5.311000e-01 3.917195e+02
5.321000e-01 3.910858e+02
5.331000e-01 3.904536e+02
5.341000e-01 3.898223e+02
5.351000e-01 3.891922e+02
5.361000e-01 3.885633e+02
5.371000e-01 3.879357e+02
5.381000e-01 3.873092e+02
5.391000e-01 3.866840e+02
5.401000e-01 3.860596e+02
5.411000e-01 3.854367e+02
5.421000e-01 3.848151e+02
5.431000e-01 3.841949e+02
5.441000e-01 3.835756e+02
5.451000e-01 3.829575e+02
5.461000e-01 3.823405e+02
5.471000e-01 3.817248e+02
5.481000e-01 3.811102e+02
5.491000e-01 3.804969e+02
5.501000e-01 3.798844e+02
5.511000e-01 3.792733e+02
5.521000e-01 3.786637e+02
5.531000e-01 3.780554e+02
5.541000e-01 3.774481e+02
5.551000e-01 3.768420e+02
5.561000e-01 3.762371e+02
5.571000e-01 3.756139e+02
5.581000e-01 3.750310e+02
5.591000e-01 3.744298e+02
5.601000e-01 3.738296e+02
5.611000e-01 3.732308e+02
5.621000e-01 3.726334e+02
5.631000e-01 3.720375e+02
5.641000e-01 3.714425e+02
5.651000e-01 3.708488e+02
5.661000e-01 3.702564e+02
5.671000e-01 3.696652e+02
5.681000e-01 3.690753e+02
5.691000e-01 3.684867e+02
5.701000e-01 3.678990e+02
5.711000e-01 3.673128e+02
5.721000e-01 3.667280e+02
5.731000e-01 3.661447e+02
5.741000e-01 3.655623e+02
5.751000e-01 3.649662e+02
5.761000e-01 3.644015e+02
5.771000e-01 3.638229e+02
5.781000e-01 3.632456e+02
5.791000e-01 3.626696e+02
5.801000e-01 3.620946e+02
5.811000e-01 3.615210e+02
5.821000e-01 3.609488e+02
5.831000e-01 3.603780e+02
5.841000e-01 3.598082e+02
5.851000e-01 3.592396e+02
5.861000e-01 3.586723e+02
5.871000e-01 3.581061e+02
5.881000e-01 3.575412e+02
5.891000e-01 3.569775e+02
5.901000e-01 3.564148e+02
5.911000e-01 3.558534e+02
5.921000e-01 3.552933e+02
5.931000e-01 3.547346e+02
5.941000e-01 3.541768e+02
5.951000e-01 3.536201e+02
5.961000e-01 3.530647e+02
5.971000e-01 3.525104e+02
5.981000e-01 3.519572e+02
5.991000e-01 3.514052e+02
6.001000e-01 3.508543e+02
6.011000e-01 3.503044e+02
6.021000e-01 3.497558e+02
6.031000e-01 3.492085e+02
6.041000e-01 3.486622e+02
6.051000e-01 3.481170e+02
6.061000e-01 3.475729e+02
6.071000e-01 3.470299e+02
6.081000e-01 3.464880e+02
6.091000e-01 3.459472e+02
6.101000e-01 3.454076e+02
6.111000e-01 3.448688e+02
6.121000e-01 3.443314e+02
6.131000e-01 3.437952e+02
6.141000e-01 3.432600e+02
6.151000e-01 3.427258e+02
6.161000e-01 3.421927e+02
6.171000e-01 3.416608e+02
6.181000e-01 3.411299e+02
6.191000e-01 3.406001e+02
6.201000e-01 3.400713e+02
6.211000e-01 3.395436e+02
6.221000e-01 3.390171e+02
6.231000e-01 3.384918e+02
6.241000e-01 3.379674e+02
6.251000e-01 3.374442e+02
6.261000e-01 3.369161e+02
6.271000e-01 3.364009e+02
6.281000e-01 3.358809e+02
6.291000e-01 3.353620e+02
6.301000e-01 3.348440e+02
6.311000e-01 3.343273e+02
6.321000e-01 3.338116e+02
6.331000e-01 3.332971e+02
6.341000e-01 3.327837e+02
6.351000e-01 3.322712e+02
6.361000e-01 3.317599e+02
6.371000e-01 3.312497e+02
6.381000e-01 3.307405e+02
6.391000e-01 3.302324e+02
6.401000e-01 3.297254e+02
6.411000e-01 3.292194e+02
6.421000e-01 3.287108e+02
6.431000e-01 3.282109e+02
6.441000e-01 3.277082e+02
6.451000e-01 3.272066e+02
6.461000e-01 3.267060e+02
6.471000e-01 3.262066e+02
6.481000e-01 3.257081e+02
6.491000e-01 3.252108e+02
6.501000e-01 3.247144e+02
6.511000e-01 3.242192e+02
6.521000e-01 3.237251e+02
6.531000e-01 3.232320e+02
6.541000e-01 3.227399e+02
6.551000e-01 3.222489e+02
6.561000e-01 3.217590e+02
6.571000e-01 3.212675e+02
6.581000e-01 3.207822e+02
6.591000e-01 3.202953e+02
6.601000e-01 3.198095e+02
6.611000e-01 3.193248e+02
6.621000e-01 3.188411e+02
6.631000e-01 3.183584e+02
6.641000e-01 3.178767e+02
6.651000e-01 3.173961e+02
6.661000e-01 3.169165e+02
6.671000e-01 3.164379e+02
6.681000e-01 3.159604e+02
6.691000e-01 3.154838e+02
6.701000e-01 3.150083e+02
6.711000e-01 3.145323e+02
6.721000e-01 3.140603e+02
6.731000e-01 3.135878e+02
6.741000e-01 3.131163e+02
6.751000e-01 3.126459e+02
6.761000e-01 3.121764e+02
6.771000e-01 3.117079e+02
6.781000e-01 3.112404e+02
6.791000e-01 3.107739e+02
6.801000e-01 3.103083e+02
6.811000e-01 3.098438e+02
6.821000e-01 3.093803e+02
6.831000e-01 3.089177e+02
6.841000e-01 3.084561e+02
6.851000e-01 3.079946e+02
6.861000e-01 3.075358e+02
6.871000e-01 3.070771e+02
6.881000e-01 3.066194e+02
6.891000e-01 3.061626e+02
6.901000e-01 3.057068e+02
6.911000e-01 3.052520e+02
6.921000e-01 3.047981e+02
6.931000e-01 3.043451e+02
6.941000e-01 3.027099e+02
6.951000e-01 3.034420e+02
6.961000e-01 3.029919e+02
6.971000e-01 3.025427e+02
6.981000e-01 3.020941e+02
6.991000e-01 3.016468e+02
7.001000e-01 3.012007e+02
7.011000e-01 3.007553e+02
7.021000e-01 3.003107e+02
7.031000e-01 2.998671e+02
7.041000e-01 2.994244e+02
7.051000e-01 2.989826e+02
7.061000e-01 2.985417e+02
7.071000e-01 2.981017e+02
7.081000e-01 2.976626e+02
7.091000e-01 2.972244e+02
7.101000e-01 2.967870e+02
7.111000e-01 2.963507e+02
7.121000e-01 2.959153e+02
7.131000e-01 2.954808e+02
7.141000e-01 2.950471e+02
7.151000e-01 2.946143e+02
7.161000e-01 2.941824e+02
7.171000e-01 2.937514e+02
7.181000e-01 2.933212e+02
7.191000e-01 2.928920e+02
7.201000e-01 2.924636e+02
7.211000e-01 2.920361e+02
7.221000e-01 2.916095e+02
7.231000e-01 2.911838e+02
7.241000e-01 2.907590e+02
7.251000e-01 2.903350e+02
7.261000e-01 2.899119e+02
7.271000e-01 2.894897e+02
7.281000e-01 2.890684e+02
7.291000e-01 2.886479e+02
7.301000e-01 2.882283e+02
7.311000e-01 2.878095e+02
7.321000e-01 2.873916e+02
7.331000e-01 2.869746e+02
7.341000e-01 2.865584e+02
7.351000e-01 2.861431e+02
7.361000e-01 2.857286e+02
7.371000e-01 2.853150e+02
7.381000e-01 2.849022e+02
7.391000e-01 2.844903e+02
7.401000e-01 2.840793e+02
7.411000e-01 2.836690e+02
7.421000e-01 2.832597e+02
7.431000e-01 2.828511e+02
7.441000e-01 2.824434e+02
7.451000e-01 2.820366e+02
7.461000e-01 2.816306e+02
7.471000e-01 2.812254e+02
7.481000e-01 2.808210e+02
7.491000e-01 2.804175e+02
7.501000e-01 2.800148e+02
7.511000e-01 2.796130e+02
7.521000e-01 2.792119e+02
7.531000e-01 2.788117e+02
7.541000e-01 2.784123e+02
7.551000e-01 2.780137e+02
7.561000e-01 2.776159e+02
7.571000e-01 2.772189e+02
7.581000e-01 2.768228e+02
7.591000e-01 2.764275e+02
7.601000e-01 2.757889e+02
7.611000e-01 2.756392e+02
7.621000e-01 2.752463e+02
7.631000e-01 2.748541e+02
7.641000e-01 2.744628e+02
7.651000e-01 2.740722e+02
7.661000e-01 2.736824e+02
7.671000e-01 2.732935e+02
7.681000e-01 2.729053e+02
7.691000e-01 2.725179e+02
7.701000e-01 2.721312e+02
7.711000e-01 2.717454e+02
7.721000e-01 2.713603e+02
7.731000e-01 2.709760e+02
7.741000e-01 2.705925e+02
7.751000e-01 2.702097e+02
7.761000e-01 2.698277e+02
7.771000e-01 2.694465e+02
7.781000e-01 2.690661e+02
7.791000e-01 2.686864e+02
7.801000e-01 2.683075e+02
7.811000e-01 2.679293e+02
7.821000e-01 2.675519e+02
7.831000e-01 2.671752e+02
7.841000e-01 2.667993e+02
7.851000e-01 2.664241e+02
7.861000e-01 2.660497e+02
7.871000e-01 2.656761e+02
7.881000e-01 2.653031e+02
7.891000e-01 2.649310e+02
7.901000e-01 2.645595e+02
7.911000e-01 2.641888e+02
7.921000e-01 2.638189e+02
7.931000e-01 2.634497e+02
7.941000e-01 2.630812e+02
7.951000e-01 2.627135e+02
7.961000e-01 2.623464e+02
7.971000e-01 2.619802e+02
7.981000e-01 2.616146e+02
7.991000e-01 2.612498e+02
8.001000e-01 2.608857e+02
8.011000e-01 2.605223e+02
8.021000e-01 2.601596e+02
8.031000e-01 2.597977e+02
8.041000e-01 2.594365e+02
8.051000e-01 2.590760e+02
8.061000e-01 2.585374e+02
8.071000e-01 2.583571e+02
8.081000e-01 2.579988e+02
8.091000e-01 2.576412e+02
8.101000e-01 2.572843e+02
8.111000e-01 2.569280e+02
8.121000e-01 2.565725e+02
8.131000e-01 2.562177e+02
8.141000e-01 2.558636e+02
8.151000e-01 2.555102e+02
8.161000e-01 2.551575e+02
8.171000e-01 2.548055e+02
8.181000e-01 2.544542e+02
8.191000e-01 2.541036e+02
8.201000e-01 2.537537e+02
8.211000e-01 2.534044e+02
8.221000e-01 2.530559e+02
8.231000e-01 2.527080e+02
8.241000e-01 2.523609e+02
8.251000e-01 2.520144e+02
8.261000e-01 2.516686e+02
8.271000e-01 2.513234e+02
8.281000e-01 2.509790e+02
8.291000e-01 2.506352e+02
8.301000e-01 2.502921e+02
8.311000e-01 2.499497e+02
8.321000e-01 2.496079e+02
8.331000e-01 2.492669e+02
8.341000e-01 2.489265e+02
8.351000e-01 2.485867e+02
8.361000e-01 2.482476e+02
8.371000e-01 2.479092e+02
8.381000e-01 2.475715e+02
8.391000e-01 2.472343e+02
8.401000e-01 2.468979e+02
8.411000e-01 2.465621e+02
8.421000e-01 2.462270e+02
8.431000e-01 2.458926e+02
8.441000e-01 2.455588e+02
8.451000e-01 2.452257e+02
8.461000e-01 2.448932e+02
8.471000e-01 2.445613e+02
8.481000e-01 2.442301e+02
8.491000e-01 2.438996e+02
8.501000e-01 2.435697e+02
8.511000e-01 2.432405e+02
8.521000e-01 2.429119e+02
8.531000e-01 2.425839e+02
8.541000e-01 2.422566e+02
8.551000e-01 2.419300e+02
8.561000e-01 2.416039e+02
8.571000e-01 2.412786e+02
8.581000e-01 2.409538e+02
8.591000e-01 2.406297e+02
8.601000e-01 2.403063e+02
8.611000e-01 2.399834e+02
8.621000e-01 2.396612e+02
8.631000e-01 2.393396e+02
8.641000e-01 2.390187e+02
8.651000e-01 2.386984e+02
8.661000e-01 2.383787e+02
8.671000e-01 2.380597e+02
8.681000e-01 2.377413e+02
8.691000e-01 2.374235e+02
8.701000e-01 2.371063e+02
8.711000e-01 2.367898e+02
8.721000e-01 2.364739e+02
8.731000e-01 2.361585e+02
8.741000e-01 2.358439e+02
8.751000e-01 2.355298e+02
8.761000e-01 2.352163e+02
8.771000e-01 2.349034e+02
8.781000e-01 2.345911e+02
8.791000e-01 2.342795e+02
8.801000e-01 2.339687e+02
8.811000e-01 2.336583e+02
8.821000e-01 2.333485e+02
8.831000e-01 2.330393e+02
8.841000e-01 2.327307e+02
8.851000e-01 2.324227e+02
8.861000e-01 2.319771e+02
8.871000e-01 2.318086e+02
8.881000e-01 2.315024e+02
8.891000e-01 2.311968e+02
8.901000e-01 2.308918e+02
8.911000e-01 2.305872e+02
8.921000e-01 2.302834e+02
8.931000e-01 2.299804e+02
8.941000e-01 2.296777e+02
8.951000e-01 2.293756e+02
8.961000e-01 2.290742e+02
8.971000e-01 2.287733e+02
8.981000e-01 2.284730e+02
8.991000e-01 2.281732e+02
9.001000e-01 2.278741e+02
9.011000e-01 2.275755e+02
9.021000e-01 2.272774e+02
9.031000e-01 2.269800e+02
9.041000e-01 2.266831e+02
9.051000e-01 2.255596e+02
9.061000e-01 2.260906e+02
9.071000e-01 2.257958e+02
9.081000e-01 2.255011e+02
9.091000e-01 2.252070e+02
9.101000e-01 2.249135e+02
9.111000e-01 2.246205e+02
9.121000e-01 2.243281e+02
9.131000e-01 2.240362e+02
9.141000e-01 2.237449e+02
9.151000e-01 2.234541e+02
9.161000e-01 2.231639e+02
9.171000e-01 2.228743e+02
9.181000e-01 2.225851e+02
9.191000e-01 2.222966e+02
9.201000e-01 2.218668e+02
9.211000e-01 2.217206e+02
9.221000e-01 2.214341e+02
9.231000e-01 2.211477e+02
9.241000e-01 2.208618e+02
9.251000e-01 2.205764e+02
9.261000e-01 2.202916e+02
9.271000e-01 2.200074e+02
9.281000e-01 2.197236e+02
9.291000e-01 2.194404e+02
9.301000e-01 2.191578e+02
9.311000e-01 2.188757e+02
9.321000e-01 2.185941e+02
9.331000e-01 2.183130e+02
9.341000e-01 2.180324e+02
9.351000e-01 2.177524e+02
9.361000e-01 2.174729e+02
9.371000e-01 2.171934e+02
9.381000e-01 2.169155e+02
9.391000e-01 2.166376e+02
9.401000e-01 2.163603e+02
9.411000e-01 2.160834e+02
9.421000e-01 2.158071e+02
9.431000e-01 2.155312e+02
9.441000e-01 2.152559e+02
9.451000e-01 2.149811e+02
9.461000e-01 2.147069e+02
9.471000e-01 2.144331e+02
9.481000e-01 2.141599e+02
9.491000e-01 2.138871e+02
9.501000e-01 2.136149e+02
9.511000e-01 2.133432e+02
9.521000e-01 2.130720e+02
9.531000e-01 2.128006e+02
9.541000e-01 2.125304e+02
9.551000e-01 2.122615e+02
9.561000e-01 2.119923e+02
9.571000e-01 2.117236e+02
9.581000e-01 2.114554e+02
9.591000e-01 2.111877e+02
9.601000e-01 2.109206e+02
9.611000e-01 2.106539e+02
9.621000e-01 2.103877e+02
9.631000e-01 2.101220e+02
9.641000e-01 2.098568e+02
9.651000e-01 2.094887e+02
9.661000e-01 2.093278e+02
9.671000e-01 2.090641e+02
9.681000e-01 2.088008e+02
9.691000e-01 2.085380e+02
9.701000e-01 2.082750e+02
9.711000e-01 2.080131e+02
9.721000e-01 2.077527e+02
9.731000e-01 2.074918e+02
9.741000e-01 2.072314e+02
9.751000e-01 2.069716e+02
9.761000e-01 2.067121e+02
9.771000e-01 2.064532e+02
9.781000e-01 2.061948e+02
9.791000e-01 2.059368e+02
9.801000e-01 2.056794e+02
9.811000e-01 2.054223e+02
9.821000e-01 2.051658e+02
9.831000e-01 2.049097e+02
9.841000e-01 2.046541e+02
9.851000e-01 2.043990e+02
9.861000e-01 2.041443e+02
9.871000e-01 2.038901e+02
9.881000e-01 2.036355e+02
9.891000e-01 2.033832e+02
9.901000e-01 2.031304e+02
9.911000e-01 2.028781e+02
9.921000e-01 2.026262e+02
9.931000e-01 2.023748e+02
9.941000e-01 2.021238e+02
9.951000e-01 2.018733e+02
9.961000e-01 2.016233e+02
9.971000e-01 2.013738e+02
9.981000e-01 2.011247e+02
9.991000e-01 2.008760e+02
1.000000e+00 2.006526e+02
1.100000e+00 1.779433e+02
1.200000e+00 1.588368e+02
1.300000e+00 1.426183e+02
1.400000e+00 1.287351e+02
1.500000e+00 1.167572e+02
1.600000e+00 1.063449e+02
1.700000e+00 9.723029e+01
1.800000e+00 8.921392e+01
1.900000e+00 8.216813e+01
2.000000e+00 7.598526e+01
2.100000e+00 7.051013e+01
2.200000e+00 6.557389e+01
2.300000e+00 6.109182e+01
2.400000e+00 5.703639e+01
2.500000e+00 5.337033e+01
2.600000e+00 5.004671e+01
2.700000e+00 4.702302e+01
2.800000e+00 4.426316e+01
2.900000e+00 4.173721e+01
3.000000e+00 3.941897e+01
3.100000e+00 3.728592e+01
3.200000e+00 3.531860e+01
3.300000e+00 3.349987e+01
3.400000e+00 3.181474e+01
3.500000e+00 3.024971e+01
3.600000e+00 2.879294e+01
3.700000e+00 2.743460e+01
3.800000e+00 2.616667e+01
3.900000e+00 2.498271e+01
4.000000e+00 2.387745e+01
4.100000e+00 2.283745e+01
4.200000e+00 2.188148e+01
4.300000e+00 2.097839e+01
4.400000e+00 2.013002e+01
4.500000e+00 1.933085e+01
4.600000e+00 1.857651e+01
4.700000e+00 1.786366e+01
4.800000e+00 1.718953e+01
4.900000e+00 1.655163e+01
5.000000e+00 1.594766e+01
5.100000e+00 1.537527e+01
5.200000e+00 1.483240e+01
5.300000e+00 1.431702e+01
5.400000e+00 1.382728e+01
5.500000e+00 1.336134e+01
5.600000e+00 1.291758e+01
5.700000e+00 1.249449e+01
5.800000e+00 1.209076e+01
5.900000e+00 1.170522e+01
6.000000e+00 1.133688e+01
6.100000e+00 1.098495e+01
6.200000e+00 1.064870e+01
6.300000e+00 1.032744e+01
6.400000e+00 1.001643e+01
6.500000e+00 9.723143e+00
6.600000e+00 9.442609e+00
6.700000e+00 9.174039e+00
6.800000e+00 8.916804e+00
6.900000e+00 8.670090e+00
7.000000e+00 8.433297e+00
7.100000e+00 8.205870e+00
7.200000e+00 7.987295e+00
7.300000e+00 7.777107e+00
7.400000e+00 7.574871e+00
7.500000e+00 7.380177e+00
7.600000e+00 7.192634e+00
7.700000e+00 7.011866e+00
7.800000e+00 6.837513e+00
7.900000e+00 6.669239e+00
8.000000e+00 6.506730e+00
8.100000e+00 6.349714e+00
8.200000e+00 6.197948e+00
8.300000e+00 6.051214e+00
8.400000e+00 5.909326e+00
8.500000e+00 5.772112e+00
8.600000e+00 5.639416e+00
8.700000e+00 5.511083e+00
8.800000e+00 5.386960e+00
8.900000e+00 5.266893e+00
9.000000e+00 5.150731e+00
9.100000e+00 5.038318e+00
9.200000e+00 4.929506e+00
9.300000e+00 4.824145e+00
9.400000e+00 4.722095e+00
9.500000e+00 4.623210e+00
9.600000e+00 4.527358e+00
9.700000e+00 4.434414e+00
9.800000e+00 4.344244e+00
9.900000e+00 4.256735e+00
1.000000e+01 4.171753e+00
1.010000e+01 4.090480e+00
1.020000e+01 4.009013e+00
1.030000e+01 3.931022e+00
1.040000e+01 3.855159e+00
1.050000e+01 3.781340e+00
1.060000e+01 3.709490e+00
1.070000e+01 3.639534e+00
1.080000e+01 3.571414e+00
1.090000e+01 3.505129e+00
1.100000e+01 3.440450e+00
1.110000e+01 3.377503e+00
1.120000e+01 3.316181e+00
1.130000e+01 3.256464e+00
1.140000e+01 3.198236e+00
1.150000e+01 3.141528e+00
1.160000e+01 3.086286e+00
1.170000e+01 3.032411e+00
1.180000e+01 2.979924e+00
1.190000e+01 2.928763e+00
1.200000e+01 2.878884e+00
1.210000e+01 2.830246e+00
1.220000e+01 2.782173e+00
1.230000e+01 2.736554e+00
1.240000e+01 2.691370e+00
1.250000e+01 2.647288e+00
1.260000e+01 2.604288e+00
1.270000e+01 2.562205e+00
1.280000e+01 2.521163e+00
1.290000e+01 2.480993e+00
1.300000e+01 2.441813e+00
1.310000e+01 2.403442e+00
1.320000e+01 2.365865e+00
1.330000e+01 2.329183e+00
1.340000e+01 2.293284e+00
1.350000e+01 2.258163e+00
1.360000e+01 2.223788e+00
1.370000e+01 2.190149e+00
1.380000e+01 2.157225e+00
1.390000e+01 2.125000e+00
1.400000e+01 2.093463e+00
1.410000e+01 2.062592e+00
1.420000e+01 2.032367e+00
1.430000e+01 2.002750e+00
1.440000e+01 1.973813e+00
1.450000e+01 1.945452e+00
1.460000e+01 1.917529e+00
1.470000e+01 1.890479e+00
1.480000e+01 1.863837e+00
1.490000e+01 1.837742e+00
1.500000e+01 1.812112e+00
1.510000e+01 1.787114e+00
1.520000e+01 1.762557e+00
1.530000e+01 1.738483e+00
1.540000e+01 1.714880e+00
1.550000e+01 1.691735e+00
1.560000e+01 1.669032e+00
1.570000e+01 1.646761e+00
1.580000e+01 1.624909e+00
1.590000e+01 1.603468e+00
1.600000e+01 1.582424e+00
1.610000e+01 1.561769e+00
1.620000e+01 1.541493e+00
1.630000e+01 1.521588e+00
1.640000e+01 1.501471e+00
1.650000e+01 1.482858e+00
1.660000e+01 1.464016e+00
1.670000e+01 1.445515e+00
1.680000e+01 1.427346e+00
1.690000e+01 1.409500e+00
1.700000e+01 1.391974e+00
1.710000e+01 1.374760e+00
1.720000e+01 1.357850e+00
1.730000e+01 1.341239e+00
1.740000e+01 1.324917e+00
1.750000e+01 1.308886e+00
1.760000e+01 1.293130e+00
1.770000e+01 1.277638e+00
1.780000e+01 1.262416e+00
1.790000e+01 1.247465e+00
1.800000e+01 1.232769e+00
1.810000e+01 1.218315e+00
1.820000e+01 1.204097e+00
1.830000e+01 1.190115e+00
1.840000e+01 1.176364e+00
1.850000e+01 1.162839e+00
1.860000e+01 1.149534e+00
1.870000e+01 1.136445e+00
1.880000e+01 1.123566e+00
1.890000e+01 1.110894e+00
1.900000e+01 1.098424e+00
1.910000e+01 1.086151e+00
1.920000e+01 1.074072e+00
1.930000e+01 1.062182e+00
1.940000e+01 1.050479e+00
1.950000e+01 1.038962e+00
1.960000e+01 1.027627e+00
1.970000e+01 1.016463e+00
1.980000e+01 1.005470e+00
1.990000e+01 9.946478e-01
2.000000e+01 9.839975e-01
2.010000e+01 9.734973e-01
2.020000e+01 9.631619e-01
2.030000e+01 9.529957e-01
2.040000e+01 9.429703e-01
2.050000e+01 9.330964e-01
2.060000e+01 9.233730e-01
2.070000e+01 9.137867e-01
2.080000e+01 9.043579e-01
2.090000e+01 8.950533e-01
2.100000e+01 8.858824e-01
2.110000e+01 8.768582e-01
2.120000e+01 8.679576e-01
2.130000e+01 8.591826e-01
2.140000e+01 8.505387e-01
2.150000e+01 8.420156e-01
2.160000e+01 8.336132e-01
2.170000e+01 8.253297e-01
2.180000e+01 8.171649e-01
2.190000e+01 8.091099e-01
2.200000e+01 8.011696e-01
2.210000e+01 7.933397e-01
2.220000e+01 7.856182e-01
2.230000e+01 7.780065e-01
2.240000e+01 7.704936e-01
2.250000e+01 7.630867e-01
2.260000e+01 7.557838e-01
2.270000e+01 7.485745e-01
2.280000e+01 7.414648e-01
2.290000e+01 7.344549e-01
2.300000e+01 7.275336e-01
2.310000e+01 7.207087e-01
2.320000e+01 7.139761e-01
2.330000e+01 7.073297e-01
2.340000e+01 7.007720e-01
2.350000e+01 6.943024e-01
2.360000e+01 6.879166e-01
2.370000e+01 6.816141e-01
2.380000e+01 6.753928e-01
2.390000e+01 6.692541e-01
2.400000e+01 6.632959e-01
2.410000e+01 6.572104e-01
2.420000e+01 6.513030e-01
2.430000e+01 6.454717e-01
2.440000e+01 6.397147e-01
2.450000e+01 6.340295e-01
2.460000e+01 6.284168e-01
2.470000e+01 6.228742e-01
2.480000e+01 6.174007e-01
2.490000e+01 6.119954e-01
2.500000e+01 6.066572e-01
2.510000e+01 6.013852e-01
2.520000e+01 5.961780e-01
2.530000e+01 5.910347e-01
2.540000e+01 5.859546e-01
2.550000e+01 5.809362e-01
2.560000e+01 5.759790e-01
2.570000e+01 5.710819e-01
2.580000e+01 5.662436e-01
2.590000e+01 5.614635e-01
2.600000e+01 5.567406e-01
2.610000e+01 5.520742e-01
2.620000e+01 5.474631e-01
2.630000e+01 5.429069e-01
2.640000e+01 5.384044e-01
2.650000e+01 5.339551e-01
2.660000e+01 5.295579e-01
2.670000e+01 5.252119e-01
2.680000e+01 5.209164e-01
2.690000e+01 5.166706e-01
2.700000e+01 5.124738e-01
2.710000e+01 5.083255e-01
2.720000e+01 5.042247e-01
2.730000e+01 5.001709e-01
2.740000e+01 4.961632e-01
2.750000e+01 4.922009e-01
2.760000e+01 4.882833e-01
2.770000e+01 4.844098e-01
2.780000e+01 4.805799e-01
2.790000e+01 4.767930e-01
2.800000e+01 4.730485e-01
2.810000e+01 4.693456e-01
2.820000e+01 4.656839e-01
2.830000e+01 4.620625e-01
2.840000e+01 4.584809e-01
2.850000e+01 4.549386e-01
2.860000e+01 4.514346e-01
2.870000e+01 4.479696e-01
2.880000e+01 4.445418e-01
2.890000e+01 4.411512e-01
2.900000e+01 4.377973e-01
2.910000e+01 4.344795e-01
2.920000e+01 4.311969e-01
2.930000e+01 4.279505e-01
2.940000e+01 4.247381e-01
2.950000e+01 4.215597e-01
2.960000e+01 4.184150e-01
2.970000e+01 4.153034e-01
2.980000e+01 4.122246e-01
2.990000e+01 4.091782e-01
3.000000e+01 4.060696e-01
3.010000e+01 4.031809e-01
3.020000e+01 4.002289e-01
3.030000e+01 3.973075e-01
3.040000e+01 3.944161e-01
3.050000e+01 3.915545e-01
3.060000e+01 3.887222e-01
3.070000e+01 3.859191e-01
3.080000e+01 3.831445e-01
3.090000e+01 3.803983e-01
3.100000e+01 3.776799e-01
3.110000e+01 3.749885e-01
3.120000e+01 3.723251e-01
3.130000e+01 3.696881e-01
3.140000e+01 3.670774e-01
3.150000e+01 3.644929e-01
3.160000e+01 3.619341e-01
3.170000e+01 3.594008e-01
3.180000e+01 3.568926e-01
3.190000e+01 3.544091e-01
3.200000e+01 3.519501e-01
3.210000e+01 3.495152e-01
3.220000e+01 3.471041e-01
3.230000e+01 3.447165e-01
3.240000e+01 3.423522e-01
3.250000e+01 3.400107e-01
3.260000e+01 3.376920e-01
3.270000e+01 3.353956e-01
3.280000e+01 3.331214e-01
3.290000e+01 3.308690e-01
3.300000e+01 3.286381e-01
3.310000e+01 3.264285e-01
3.320000e+01 3.242399e-01
3.330000e+01 3.220720e-01
3.340000e+01 3.199246e-01
3.350000e+01 3.177974e-01
3.360000e+01 3.156903e-01
3.370000e+01 3.136029e-01
3.380000e+01 3.115350e-01
3.390000e+01 3.094865e-01
3.400000e+01 3.074570e-01
3.410000e+01 3.054463e-01
3.420000e+01 3.034542e-01
3.430000e+01 3.014804e-01
3.440000e+01 2.995249e-01
3.450000e+01 2.975872e-01
3.460000e+01 2.956673e-01
3.470000e+01 2.937648e-01
3.480000e+01 2.918796e-01
3.490000e+01 2.900117e-01
3.500000e+01 2.881606e-01
3.510000e+01 2.863262e-01
3.520000e+01 2.845083e-01
3.530000e+01 2.827067e-01
3.540000e+01 2.809213e-01
3.550000e+01 2.791517e-01
3.560000e+01 2.773979e-01
3.570000e+01 2.756596e-01
3.580000e+01 2.739369e-01
3.590000e+01 2.722293e-01
3.600000e+01 2.705367e-01
3.610000e+01 2.688591e-01
3.620000e+01 2.671961e-01
3.630000e+01 2.655476e-01
3.640000e+01 2.639135e-01
3.650000e+01 2.622936e-01
3.660000e+01 2.606878e-01
3.670000e+01 2.590959e-01
3.680000e+01 2.575176e-01
3.690000e+01 2.559530e-01
3.700000e+01 2.544017e-01
3.710000e+01 2.528637e-01
3.720000e+01 2.513390e-01
3.730000e+01 2.498273e-01
3.740000e+01 2.483282e-01
3.750000e+01 2.468420e-01
3.760000e+01 2.453683e-01
3.770000e+01 2.439070e-01
3.780000e+01 2.424580e-01
3.790000e+01 2.410211e-01
3.800000e+01 2.395964e-01
3.810000e+01 2.381835e-01
3.820000e+01 2.367824e-01
3.830000e+01 2.353929e-01
3.840000e+01 2.340149e-01
3.850000e+01 2.326483e-01
3.860000e+01 2.312929e-01
3.870000e+01 2.299487e-01
3.880000e+01 2.286157e-01
3.890000e+01 2.272934e-01
3.900000e+01 2.259820e-01
3.910000e+01 2.246812e-01
3.920000e+01 2.233909e-01
3.930000e+01 2.221111e-01
3.940000e+01 2.208418e-01
3.950000e+01 2.195827e-01
3.960000e+01 2.183337e-01
3.970000e+01 2.170946e-01
3.980000e+01 2.158655e-01
3.990000e+01 2.146462e-01
4.000000e+01 2.134367e-01
4.010000e+01 2.122369e-01
4.020000e+01 2.110465e-01
4.030000e+01 2.098655e-01
4.040000e+01 2.086939e-01
4.050000e+01 2.075314e-01
4.060000e+01 2.063781e-01
4.070000e+01 2.052339e-01
4.080000e+01 2.040986e-01
4.090000e+01 2.029722e-01
4.100000e+01 2.018545e-01
4.110000e+01 2.007455e-01
4.120000e+01 1.996451e-01
4.130000e+01 1.985531e-01
4.140000e+01 1.974697e-01
4.150000e+01 1.963948e-01
4.160000e+01 1.953279e-01
4.170000e+01 1.942692e-01
4.180000e+01 1.932186e-01
4.190000e+01 1.921760e-01
4.200000e+01 1.911415e-01
4.210000e+01 1.901148e-01
4.220000e+01 1.890958e-01
4.230000e+01 1.880845e-01
4.240000e+01 1.870807e-01
4.250000e+01 1.860847e-01
4.260000e+01 1.850960e-01
4.270000e+01 1.841148e-01
4.280000e+01 1.831408e-01
4.290000e+01 1.821742e-01
4.300000e+01 1.812148e-01
4.310000e+01 1.802624e-01
4.320000e+01 1.793173e-01
4.330000e+01 1.783789e-01
4.340000e+01 1.774476e-01
4.350000e+01 1.765231e-01
4.360000e+01 1.756054e-01
4.370000e+01 1.746943e-01
4.380000e+01 1.737899e-01
4.390000e+01 1.728924e-01
4.400000e+01 1.720012e-01
4.410000e+01 1.711165e-01
4.420000e+01 1.702382e-01
4.430000e+01 1.693661e-01
4.440000e+01 1.685008e-01
4.450000e+01 1.676413e-01
4.460000e+01 1.667881e-01
4.470000e+01 1.659409e-01
4.480000e+01 1.650998e-01
4.490000e+01 1.642649e-01
4.500000e+01 1.634358e-01
4.510000e+01 1.626126e-01
4.520000e+01 1.617952e-01
4.530000e+01 1.609836e-01
4.540000e+01 1.601778e-01
4.550000e+01 1.593776e-01
4.560000e+01 1.585830e-01
4.570000e+01 1.577940e-01
4.580000e+01 1.570106e-01
4.590000e+01 1.562327e-01
4.600000e+01 1.554602e-01
4.610000e+01 1.546933e-01
4.620000e+01 1.539314e-01
4.630000e+01 1.531749e-01
4.640000e+01 1.524237e-01
4.650000e+01 1.516776e-01
4.660000e+01 1.509367e-01
4.670000e+01 1.502009e-01
4.680000e+01 1.494700e-01
4.690000e+01 1.487442e-01
4.700000e+01 1.480235e-01
4.710000e+01 1.473076e-01
4.720000e+01 1.465965e-01
4.730000e+01 1.458903e-01
4.740000e+01 1.451888e-01
4.750000e+01 1.444922e-01
4.760000e+01 1.438002e-01
4.770000e+01 1.431131e-01
4.780000e+01 1.424306e-01
4.790000e+01 1.417525e-01
4.800000e+01 1.410788e-01
4.810000e+01 1.404099e-01
4.820000e+01 1.397454e-01
4.830000e+01 1.390852e-01
4.840000e+01 1.384295e-01
4.850000e+01 1.377782e-01
4.860000e+01 1.371309e-01
4.870000e+01 1.364882e-01
4.880000e+01 1.358496e-01
4.890000e+01 1.352762e-01
4.900000e+01 1.345850e-01
4.910000e+01 1.339588e-01
4.920000e+01 1.333369e-01
4.930000e+01 1.327189e-01
4.940000e+01 1.321054e-01
4.950000e+01 1.314956e-01
4.960000e+01 1.308897e-01
4.970000e+01 1.302878e-01
4.980000e+01 1.296896e-01
4.990000e+01 1.290956e-01
5.000000e+01 1.285051e-01
5.010000e+01 1.279184e-01
5.020000e+01 1.273356e-01
5.030000e+01 1.267565e-01
5.040000e+01 1.261811e-01
5.050000e+01 1.256094e-01
5.060000e+01 1.250411e-01
5.070000e+01 1.244769e-01
5.080000e+01 1.239160e-01
5.090000e+01 1.233587e-01
5.100000e+01 1.228048e-01
5.110000e+01 1.222545e-01
5.120000e+01 1.217077e-01
5.130000e+01 1.211644e-01
5.140000e+01 1.206243e-01
5.150000e+01 1.200878e-01
5.160000e+01 1.195545e-01
5.170000e+01 1.190245e-01
5.180000e+01 1.184979e-01
5.190000e+01 1.179747e-01
5.200000e+01 1.174545e-01
5.210000e+01 1.169378e-01
5.220000e+01 1.164242e-01
5.230000e+01 1.159136e-01
5.240000e+01 1.154064e-01
5.250000e+01 1.149020e-01
5.260000e+01 1.144010e-01
5.270000e+01 1.139030e-01
5.280000e+01 1.134079e-01
5.290000e+01 1.129160e-01
5.300000e+01 1.124269e-01
5.310000e+01 1.119410e-01
5.320000e+01 1.114579e-01
5.330000e+01 1.109778e-01
5.340000e+01 1.105005e-01
5.350000e+01 1.100261e-01
5.360000e+01 1.095547e-01
5.370000e+01 1.090860e-01
5.380000e+01 1.086203e-01
5.390000e+01 1.081573e-01
5.400000e+01 1.076969e-01
5.410000e+01 1.072394e-01
5.420000e+01 1.067847e-01
5.430000e+01 1.063327e-01
5.440000e+01 1.058831e-01
5.450000e+01 1.054365e-01
5.460000e+01 1.049924e-01
5.470000e+01 1.045510e-01
5.480000e+01 1.041121e-01
5.490000e+01 1.036758e-01
5.500000e+01 1.032423e-01
5.510000e+01 1.028111e-01
5.520000e+01 1.023824e-01
5.530000e+01 1.019564e-01
5.540000e+01 1.015328e-01
5.550000e+01 1.011116e-01
5.560000e+01 1.006930e-01
5.570000e+01 1.002768e-01
5.580000e+01 9.986280e-02
5.590000e+01 9.945148e-02
5.600000e+01 9.904241e-02
5.610000e+01 9.863572e-02
5.620000e+01 9.823132e-02
5.630000e+01 9.782945e-02
5.640000e+01 9.742964e-02
5.650000e+01 9.703213e-02
5.660000e+01 9.663717e-02
5.670000e+01 9.624424e-02
5.680000e+01 9.585342e-02
5.690000e+01 9.546507e-02
5.700000e+01 9.507894e-02
5.710000e+01 9.469479e-02
5.720000e+01 9.431267e-02
5.730000e+01 9.393337e-02
5.740000e+01 9.355571e-02
5.750000e+01 9.318046e-02
5.760000e+01 9.280716e-02
5.770000e+01 9.243563e-02
5.780000e+01 9.206663e-02
5.790000e+01 9.169965e-02
5.800000e+01 9.133445e-02
5.810000e+01 9.097150e-02
5.820000e+01 9.061072e-02
5.830000e+01 9.025167e-02
5.840000e+01 8.989445e-02
5.850000e+01 8.953990e-02
5.860000e+01 8.918661e-02
5.870000e+01 8.883570e-02
5.880000e+01 8.848676e-02
5.890000e+01 8.813958e-02
5.900000e+01 8.779416e-02
5.910000e+01 8.745079e-02
5.920000e+01 8.710939e-02
5.930000e+01 8.676979e-02
5.940000e+01 8.643200e-02
5.950000e+01 8.609593e-02
5.960000e+01 8.576175e-02
5.970000e+01 8.542962e-02
5.980000e+01 8.509937e-02
5.990000e+01 8.477038e-02
6.000000e+01 8.444331e-02
6.010000e+01 8.411839e-02
6.020000e+01 8.379506e-02
6.030000e+01 8.347317e-02
6.040000e+01 8.315353e-02
6.050000e+01 8.283516e-02
6.060000e+01 8.251859e-02
6.070000e+01 8.220387e-02
6.080000e+01 8.189119e-02
6.090000e+01 8.157931e-02
6.100000e+01 8.126938e-02
6.110000e+01 8.096133e-02
6.120000e+01 8.065479e-02
6.130000e+01 8.035008e-02
6.140000e+01 8.004681e-02
6.150000e+01 7.974504e-02
6.160000e+01 7.944493e-02
6.170000e+01 7.914637e-02
6.180000e+01 7.884964e-02
6.190000e+01 7.855437e-02
6.200000e+01 7.826029e-02
6.210000e+01 7.796780e-02
6.220000e+01 7.767699e-02
6.230000e+01 7.738838e-02
6.240000e+01 7.710044e-02
6.250000e+01 7.681439e-02
6.260000e+01 7.652957e-02
6.270000e+01 7.624609e-02
6.280000e+01 7.596433e-02
6.290000e+01 7.568421e-02
6.300000e+01 7.540540e-02
6.310000e+01 7.512763e-02
6.320000e+01 7.485155e-02
6.330000e+01 7.457676e-02
6.340000e+01 7.430381e-02
6.350000e+01 7.403219e-02
6.360000e+01 7.376152e-02
6.370000e+01 7.349250e-02
6.380000e+01 7.322483e-02
6.390000e+01 7.295864e-02
6.400000e+01 7.269364e-02
6.410000e+01 7.243032e-02
6.420000e+01 7.216800e-02
6.430000e+01 7.190680e-02
6.440000e+01 7.164701e-02
6.450000e+01 7.138911e-02
6.460000e+01 7.113254e-02
6.470000e+01 7.087651e-02
6.480000e+01 7.062174e-02
6.490000e+01 7.036887e-02
6.500000e+01 7.011655e-02
6.510000e+01 6.986667e-02
6.520000e+01 6.961719e-02
6.530000e+01 6.936910e-02
6.540000e+01 6.912217e-02
6.550000e+01 6.887610e-02
6.560000e+01 6.863186e-02
6.570000e+01 6.838880e-02
6.580000e+01 6.814696e-02
6.590000e+01 6.790610e-02
6.600000e+01 6.766622e-02
6.610000e+01 6.742758e-02
6.620000e+01 6.719067e-02
6.630000e+01 6.695463e-02
6.640000e+01 6.671968e-02
6.650000e+01 6.648563e-02
6.660000e+01 6.625337e-02
6.670000e+01 6.602145e-02
6.680000e+01 6.579119e-02
6.690000e+01 6.556199e-02
6.700000e+01 6.533439e-02
6.710000e+01 6.510729e-02
6.720000e+01 6.488081e-02
6.730000e+01 6.465539e-02
6.740000e+01 6.443241e-02
6.750000e+01 6.420998e-02
6.760000e+01 6.398868e-02
6.770000e+01 6.376777e-02
6.780000e+01 6.354763e-02
6.790000e+01 6.332974e-02
6.800000e+01 6.311314e-02
6.810000e+01 6.289663e-02
6.820000e+01 6.268110e-02
6.830000e+01 6.246703e-02
6.840000e+01 6.225373e-02
6.850000e+01 6.204072e-02
6.860000e+01 6.182990e-02
6.870000e+01 6.161987e-02
6.880000e+01 6.141160e-02
6.890000e+01 6.120265e-02
6.900000e+01 6.099561e-02
6.910000e+01 6.078940e-02
6.920000e+01 6.058403e-02
6.930000e+01 6.037986e-02
6.940000e+01 6.017594e-02
6.950000e+01 5.997408e-02
6.960000e+01 5.977278e-02
6.970000e+01 5.957204e-02
6.980000e+01 5.937349e-02
6.990000e+01 5.917409e-02
7.000000e+01 5.897722e-02
7.010000e+01 5.877990e-02
7.020000e+01 5.858384e-02
7.030000e+01 5.838950e-02
7.040000e+01 5.819491e-02
7.050000e+01 5.800200e-02
7.060000e+01 5.781006e-02
7.070000e+01 5.761807e-02
7.080000e+01 5.742815e-02
7.090000e+01 5.723854e-02
7.100000e+01 5.705037e-02
7.110000e+01 5.686274e-02
7.120000e+01 5.667541e-02
7.130000e+01 5.648920e-02
7.140000e+01 5.630375e-02
7.150000e+01 5.611952e-02
7.160000e+01 5.593710e-02
7.170000e+01 5.575348e-02
7.180000e+01 5.557173e-02
7.190000e+01 5.539064e-02
7.200000e+01 5.521037e-02
7.210000e+01 5.503212e-02
7.220000e+01 5.485329e-02
7.230000e+01 5.467473e-02
7.240000e+01 5.449777e-02
7.250000e+01 5.432081e-02
7.260000e+01 5.414674e-02
7.270000e+01 5.397283e-02
7.280000e+01 5.379779e-02
7.290000e+01 5.362501e-02
7.300000e+01 5.345286e-02
7.310000e+01 5.328166e-02
7.320000e+01 5.311094e-02
7.330000e+01 5.294127e-02
7.340000e+01 5.277205e-02
7.350000e+01 5.260315e-02
7.360000e+01 5.243641e-02
7.370000e+01 5.226933e-02
7.380000e+01 5.210386e-02
7.390000e+01 5.193825e-02
7.400000e+01 5.177292e-02
7.410000e+01 5.160918e-02
7.420000e+01 5.144628e-02
7.430000e+01 5.128333e-02
7.440000e+01 5.112220e-02
7.450000e+01 5.096088e-02
7.460000e+01 5.080039e-02
7.470000e+01 5.064128e-02
7.480000e+01 5.048224e-02
7.490000e+01 5.032393e-02
7.500000e+01 5.016646e-02
7.510000e+01 5.001002e-02
7.520000e+01 4.985380e-02
7.530000e+01 4.969834e-02
7.540000e+01 4.954379e-02
7.550000e+01 4.938907e-02
7.560000e+01 4.923677e-02
7.570000e+01 4.908362e-02
7.580000e+01 4.893132e-02
7.590000e+01 4.878046e-02
7.600000e+01 4.862996e-02
7.610000e+01 4.848020e-02
7.620000e+01 4.833023e-02
7.630000e+01 4.818191e-02
7.640000e+01 4.803425e-02
7.650000e+01 4.788625e-02
7.660000e+01 4.773916e-02
7.670000e+01 4.759311e-02
7.680000e+01 4.744798e-02
7.690000e+01 4.730286e-02
7.700000e+01 4.715877e-02
7.710000e+01 4.701447e-02
7.720000e+01 4.687276e-02
7.730000e+01 4.672982e-02
7.740000e+01 4.658858e-02
7.750000e+01 4.644633e-02
7.760000e+01 4.630660e-02
7.770000e+01 4.616660e-02
7.780000e+01 4.602739e-02
7.790000e+01 4.588871e-02
7.800000e+01 4.575083e-02
7.810000e+01 4.561284e-02
7.820000e+01 4.547643e-02
7.830000e+01 4.533962e-02
7.840000e+01 4.520403e-02
7.850000e+01 4.506865e-02
7.860000e+01 4.493446e-02
7.870000e+01 4.480081e-02
7.880000e+01 4.466768e-02
7.890000e+01 4.453385e-02
7.900000e+01 4.440240e-02
7.910000e+01 4.427029e-02
7.920000e+01 4.413996e-02
7.930000e+01 4.400906e-02
7.940000e+01 4.387854e-02
7.950000e+01 4.374914e-02
7.960000e+01 4.362024e-02
7.970000e+01 4.349150e-02
7.980000e+01 4.336423e-02
7.990000e+01 4.323771e-02
8.000000e+01 4.311054e-02
8.010000e+01 4.298645e-02
8.020000e+01 4.285876e-02
8.030000e+01 4.273430e-02
8.040000e+01 4.260925e-02
8.050000e+01 4.248555e-02
8.060000e+01 4.236181e-02
8.070000e+01 4.223868e-02
8.080000e+01 4.211689e-02
8.090000e+01 4.199580e-02
8.100000e+01 4.187398e-02
8.110000e+01 4.175401e-02
8.120000e+01 4.163265e-02
8.130000e+01 4.151291e-02
8.140000e+01 4.139377e-02
8.150000e+01 4.127407e-02
8.160000e+01 4.115681e-02
8.170000e+01 4.103902e-02
8.180000e+01 4.092188e-02
8.190000e+01 4.080554e-02
8.200000e+01 4.068922e-02
8.210000e+01 4.057390e-02
8.220000e+01 4.045830e-02
8.230000e+01 4.034378e-02
8.240000e+01 4.022958e-02
8.250000e+01 4.012101e-02
8.260000e+01 4.000299e-02
8.270000e+01 3.989102e-02
8.280000e+01 3.977855e-02
8.290000e+01 3.966743e-02
8.300000e+01 3.955592e-02
8.310000e+01 3.944980e-02
8.320000e+01 3.933492e-02
8.330000e+01 3.922519e-02
8.340000e+01 3.911625e-02
8.350000e+01 3.901213e-02
8.360000e+01 3.890378e-02
8.370000e+01 3.879172e-02
8.380000e+01 3.868896e-02
8.390000e+01 3.857786e-02
8.400000e+01 3.847158e-02
8.410000e+01 3.836676e-02
8.420000e+01 3.826013e-02
8.430000e+01 3.815566e-02
8.440000e+01 3.805206e-02
8.450000e+01 3.795612e-02
8.460000e+01 3.784904e-02
8.470000e+01 3.774644e-02
8.480000e+01 3.764376e-02
8.490000e+01 3.754189e-02
8.500000e+01 3.744621e-02
8.510000e+01 3.733589e-02
8.520000e+01 3.723326e-02
8.530000e+01 3.713926e-02
8.540000e+01 3.703591e-02
8.550000e+01 3.694124e-02
8.560000e+01 3.686087e-02
8.570000e+01 3.674435e-02
8.580000e+01 3.664697e-02
8.590000e+01 3.655017e-02
8.600000e+01 3.646575e-02
8.610000e+01 3.635900e-02
8.620000e+01 3.626167e-02
8.630000e+01 3.616649e-02
8.640000e+01 3.607211e-02
8.650000e+01 3.597760e-02
8.660000e+01 3.588424e-02
8.670000e+01 3.579095e-02
8.680000e+01 3.569875e-02
8.690000e+01 3.560614e-02
8.700000e+01 3.551033e-02
8.710000e+01 3.542314e-02
8.720000e+01 3.533286e-02
8.730000e+01 3.524247e-02
8.740000e+01 3.515291e-02
8.750000e+01 3.506384e-02
8.760000e+01 3.497155e-02
8.770000e+01 3.488719e-02
8.780000e+01 3.479533e-02
8.790000e+01 3.473043e-02
8.800000e+01 3.462556e-02
8.810000e+01 3.453927e-02
8.820000e+01 3.445114e-02
8.830000e+01 3.436886e-02
8.840000e+01 3.428415e-02
8.850000e+01 3.420011e-02
8.860000e+01 3.411644e-02
8.870000e+01 3.404912e-02
8.880000e+01 3.396342e-02
8.890000e+01 3.387029e-02
8.900000e+01 3.378894e-02
8.910000e+01 3.370398e-02
8.920000e+01 3.362812e-02
8.930000e+01 3.354848e-02
8.940000e+01 3.347932e-02
8.950000e+01 3.338846e-02
8.960000e+01 3.330865e-02
8.970000e+01 3.323610e-02
8.980000e+01 3.315973e-02
8.990000e+01 3.308414e-02
9.000000e+01 3.300465e-02
9.010000e+01 3.293345e-02
9.020000e+01 3.285969e-02
9.030000e+01 3.278661e-02
9.040000e+01 3.271360e-02
9.050000e+01 3.264187e-02
9.060000e+01 3.257019e-02
9.070000e+01 3.249976e-02
9.080000e+01 3.242963e-02
9.090000e+01 3.236037e-02
9.100000e+01 3.229849e-02
9.110000e+01 3.222442e-02
9.120000e+01 3.215553e-02
9.130000e+01 3.209607e-02
9.140000e+01 3.202560e-02
9.150000e+01 3.196126e-02
9.160000e+01 3.189724e-02
9.170000e+01 3.183472e-02
9.180000e+01 3.178092e-02
9.190000e+01 3.171782e-02
9.200000e+01 3.165090e-02
9.210000e+01 3.159177e-02
9.220000e+01 3.153332e-02
9.230000e+01 3.147263e-02
9.240000e+01 3.141975e-02
9.250000e+01 3.136453e-02
9.260000e+01 3.131018e-02
9.270000e+01 3.125702e-02
9.280000e+01 3.120489e-02
9.290000e+01 3.115418e-02
9.300000e+01 3.110455e-02
9.310000e+01 3.105619e-02
9.320000e+01 3.100657e-02
9.330000e+01 3.096316e-02
9.340000e+01 3.091841e-02
9.350000e+01 3.087574e-02
9.360000e+01 3.083426e-02
9.370000e+01 3.079400e-02
9.380000e+01 3.075577e-02
9.390000e+01 3.071918e-02
9.400000e+01 3.068372e-02
9.410000e+01 3.064757e-02
9.420000e+01 3.061966e-02
9.430000e+01 3.058984e-02
9.440000e+01 3.056256e-02
9.450000e+01 3.053701e-02
9.460000e+01 3.051383e-02
9.470000e+01 3.049325e-02
9.480000e+01 3.047463e-02
9.490000e+01 3.045921e-02
9.500000e+01 3.044578e-02
9.510000e+01 3.043574e-02
9.520000e+01 3.042826e-02
9.530000e+01 3.042448e-02
9.540000e+01 3.042337e-02
9.550000e+01 3.042341e-02
9.560000e+01 3.043291e-02
9.570000e+01 3.044265e-02
9.580000e+01 3.045707e-02
9.590000e+01 3.047601e-02
9.600000e+01 3.049955e-02
9.610000e+01 3.052781e-02
9.620000e+01 3.056226e-02
9.630000e+01 3.060193e-02
9.640000e+01 3.064806e-02
9.650000e+01 3.068629e-02
9.660000e+01 3.076024e-02
9.670000e+01 3.081391e-02
9.680000e+01 3.090325e-02
9.690000e+01 3.098812e-02
9.700000e+01 3.108287e-02
9.710000e+01 3.118747e-02
9.720000e+01 3.130413e-02
9.730000e+01 3.143339e-02
9.740000e+01 3.157661e-02
9.750000e+01 3.173591e-02
9.760000e+01 3.191037e-02
9.770000e+01 3.210435e-02
9.780000e+01 3.232020e-02
9.790000e+01 3.255998e-02
9.800000e+01 3.282430e-02
9.810000e+01 3.311968e-02
9.820000e+01 3.344874e-02
9.830000e+01 3.381854e-02
9.840000e+01 3.423312e-02
9.850000e+01 3.469984e-02
9.860000e+01 3.523089e-02
9.870000e+01 3.583594e-02
9.880000e+01 3.652986e-02
9.890000e+01 3.733036e-02
9.900000e+01 3.826553e-02
9.910000e+01 3.937041e-02
9.920000e+01 4.068989e-02
9.930000e+01 4.229235e-02
9.940000e+01 4.428110e-02
9.950000e+01 4.681705e-02
9.960000e+01 5.016197e-02
9.970000e+01 5.482528e-02
9.980000e+01 6.186953e-02
9.990000e+01 7.418077e-02
1.000000e+02 9.961951e-02
1.001000e+02 7.333968e-02
1.002000e+02 6.033311e-02
1.003000e+02 5.263685e-02
1.004000e+02 4.740845e-02
1.005000e+02 4.352647e-02
1.006000e+02 4.045339e-02
1.007000e+02 3.798999e-02
1.008000e+02 3.593045e-02
1.009000e+02 3.416612e-02
1.010000e+02 3.260440e-02
1.011000e+02 3.127178e-02
1.012000e+02 3.008198e-02
1.013000e+02 2.900945e-02
1.014000e+02 2.803249e-02
1.015000e+02 2.711755e-02
1.016000e+02 2.631415e-02
1.017000e+02 2.557078e-02
1.018000e+02 2.488119e-02
1.019000e+02 2.423546e-02
1.020000e+02 2.362852e-02
1.021000e+02 2.303928e-02
1.022000e+02 2.251501e-02
1.023000e+02 2.202116e-02
1.024000e+02 2.155183e-02
1.025000e+02 2.110782e-02
1.026000e+02 2.068279e-02
1.027000e+02 2.027407e-02
1.028000e+02 1.987428e-02
1.029000e+02 1.950263e-02
1.030000e+02 1.915704e-02
1.031000e+02 1.882502e-02
1.032000e+02 1.850514e-02
1.033000e+02 1.819629e-02
1.034000e+02 1.789781e-02
1.035000e+02 1.760700e-02
1.036000e+02 1.732043e-02
1.037000e+02 1.704255e-02
1.038000e+02 1.679021e-02
1.039000e+02 1.654511e-02
1.040000e+02 1.624823e-02
1.041000e+02 1.607606e-02
1.042000e+02 1.585079e-02
1.043000e+02 1.563044e-02
1.044000e+02 1.541468e-02
1.045000e+02 1.520149e-02
1.046000e+02 1.498251e-02
1.047000e+02 1.479173e-02
1.048000e+02 1.460552e-02
1.049000e+02 1.442343e-02
1.050000e+02 1.424513e-02
1.051000e+02 1.407090e-02
1.052000e+02 1.389986e-02
1.053000e+02 1.373199e-02
1.054000e+02 1.356607e-02
1.055000e+02 1.340291e-02
1.056000e+02 1.323798e-02
1.057000e+02 1.307485e-02
1.058000e+02 1.292960e-02
1.059000e+02 1.278697e-02
1.060000e+02 1.264664e-02
1.061000e+02 1.250909e-02
1.062000e+02 1.237334e-02
1.063000e+02 1.224026e-02
1.064000e+02 1.210881e-02
1.065000e+02 1.197874e-02
1.066000e+02 1.185037e-02
1.067000e+02 1.172255e-02
1.068000e+02 1.159120e-02
1.069000e+02 1.146389e-02
1.070000e+02 1.134926e-02
1.071000e+02 1.123770e-02
1.072000e+02 1.112749e-02
1.073000e+02 1.101846e-02
1.074000e+02 1.091088e-02
1.075000e+02 1.080404e-02
1.076000e+02 1.069969e-02
1.077000e+02 1.059542e-02
1.078000e+02 1.049302e-02
1.079000e+02 1.039075e-02
1.080000e+02 1.028851e-02
1.081000e+02 1.018445e-02
1.082000e+02 1.007776e-02
1.083000e+02 9.986744e-03
1.084000e+02 9.896905e-03
1.085000e+02 9.808119e-03
1.086000e+02 9.719834e-03
1.087000e+02 9.632858e-03
1.088000e+02 9.548070e-03
1.089000e+02 9.462653e-03
1.090000e+02 9.378392e-03
1.091000e+02 9.294756e-03
1.092000e+02 9.211864e-03
1.093000e+02 9.128656e-03
1.094000e+02 9.053305e-03
1.095000e+02 8.963701e-03
1.096000e+02 8.876396e-03
1.097000e+02 8.794915e-03
1.098000e+02 8.721813e-03
1.099000e+02 8.649539e-03
1.100000e+02 8.577772e-03
1.101000e+02 8.506714e-03
1.102000e+02 8.436378e-03
1.103000e+02 8.366613e-03
1.104000e+02 8.297518e-03
1.105000e+02 8.257909e-03
1.106000e+02 8.160798e-03
1.107000e+02 8.093058e-03
1.108000e+02 8.025777e-03
1.109000e+02 7.958609e-03
1.110000e+02 7.891250e-03
1.111000e+02 7.823043e-03
1.112000e+02 7.752477e-03
1.113000e+02 7.682784e-03
1.114000e+02 7.623168e-03
1.115000e+02 7.564046e-03
1.116000e+02 7.505456e-03
1.117000e+02 7.447488e-03
1.118000e+02 7.389814e-03
1.119000e+02 7.332719e-03
1.120000e+02 7.275898e-03
1.121000e+02 7.219071e-03
1.122000e+02 7.163585e-03
1.123000e+02 7.107918e-03
1.124000e+02 7.052542e-03
1.125000e+02 6.996474e-03
1.126000e+02 6.942264e-03
1.127000e+02 6.887206e-03
1.128000e+02 6.831904e-03
1.129000e+02 6.775420e-03
1.130000e+02 6.713756e-03
1.131000e+02 6.660627e-03
1.132000e+02 6.611921e-03
1.133000e+02 6.563711e-03
1.134000e+02 6.515830e-03
1.135000e+02 6.468320e-03
1.136000e+02 6.420439e-03
1.137000e+02 6.374180e-03
1.138000e+02 6.328627e-03
1.139000e+02 6.281201e-03
1.140000e+02 6.235198e-03
1.141000e+02 6.189379e-03
1.142000e+02 6.143749e-03
1.143000e+02 6.098273e-03
1.144000e+02 6.052957e-03
1.145000e+02 6.007867e-03
1.146000e+02 5.962347e-03
1.147000e+02 5.915748e-03
1.148000e+02 5.870487e-03
1.149000e+02 5.822321e-03
1.150000e+02 5.771049e-03
1.151000e+02 5.731046e-03
1.152000e+02 5.691317e-03
1.153000e+02 5.651827e-03
1.154000e+02 5.612432e-03
1.155000e+02 5.582990e-03
1.156000e+02 5.534578e-03
1.157000e+02 5.495990e-03
1.158000e+02 5.457604e-03
1.159000e+02 5.419461e-03
1.160000e+02 5.381447e-03
1.161000e+02 5.343584e-03
1.162000e+02 5.305938e-03
1.163000e+02 5.268211e-03
1.164000e+02 5.230936e-03
1.165000e+02 5.193608e-03
1.166000e+02 5.156222e-03
1.167000e+02 5.118750e-03
1.168000e+02 5.081068e-03
1.169000e+02 5.042991e-03
1.170000e+02 5.003667e-03
1.171000e+02 4.957919e-03
1.172000e+02 4.924971e-03
1.173000e+02 4.891925e-03
1.174000e+02 4.859953e-03
1.175000e+02 4.827356e-03
1.176000e+02 4.795291e-03
1.177000e+02 4.763513e-03
1.178000e+02 4.732143e-03
1.179000e+02 4.699387e-03
1.180000e+02 4.668244e-03
1.181000e+02 4.636868e-03
1.182000e+02 4.605582e-03
1.183000e+02 4.574539e-03
1.184000e+02 4.544811e-03
1.185000e+02 4.512679e-03
1.186000e+02 4.481883e-03
1.187000e+02 4.451191e-03
1.188000e+02 4.420387e-03
1.189000e+02 4.389622e-03
1.190000e+02 4.358829e-03
1.191000e+02 4.327762e-03
1.192000e+02 4.296426e-03
1.193000e+02 4.264203e-03
1.194000e+02 4.228729e-03
1.195000e+02 4.196463e-03
1.196000e+02 4.169527e-03
1.197000e+02 4.142811e-03
1.198000e+02 4.116122e-03
1.199000e+02 4.089803e-03
1.200000e+02 4.063175e-03
1.201000e+02 4.036885e-03
1.202000e+02 4.010742e-03
1.203000e+02 3.982081e-03
1.204000e+02 3.958791e-03
1.205000e+02 3.932972e-03
1.206000e+02 3.907211e-03
1.207000e+02 3.881562e-03
1.208000e+02 3.856051e-03
1.209000e+02 3.830564e-03
1.210000e+02 3.805168e-03
1.211000e+02 3.779825e-03
1.212000e+02 3.754480e-03
1.213000e+02 3.729199e-03
1.214000e+02 3.703796e-03
1.215000e+02 3.678346e-03
1.216000e+02 3.652790e-03
1.217000e+02 3.626898e-03
1.218000e+02 3.600482e-03
1.219000e+02 3.572627e-03
1.220000e+02 3.541162e-03
1.221000e+02 3.519123e-03
1.222000e+02 3.497227e-03
1.223000e+02 3.475372e-03
1.224000e+02 3.453642e-03
1.225000e+02 3.432067e-03
1.226000e+02 3.410512e-03
1.227000e+02 3.389125e-03
1.228000e+02 3.367789e-03
1.229000e+02 3.359590e-03
1.230000e+02 3.325516e-03
1.231000e+02 3.304607e-03
1.232000e+02 3.283331e-03
1.233000e+02 3.262429e-03
1.234000e+02 3.241571e-03
1.235000e+02 3.220855e-03
1.236000e+02 3.199996e-03
1.237000e+02 3.179380e-03
1.238000e+02 3.158544e-03
1.239000e+02 3.138053e-03
1.240000e+02 3.117417e-03
1.241000e+02 3.096762e-03
1.242000e+02 3.076105e-03
1.243000e+02 3.055309e-03
1.244000e+02 3.034304e-03
1.245000e+02 3.013038e-03
1.246000e+02 2.990965e-03
1.247000e+02 2.967261e-03
1.248000e+02 2.941426e-03
1.249000e+02 2.923820e-03
1.250000e+02 2.905958e-03
1.251000e+02 2.888100e-03
1.252000e+02 2.869120e-03
1.253000e+02 2.852679e-03
1.254000e+02 2.835099e-03
1.255000e+02 2.817357e-03
1.256000e+02 2.800154e-03
1.257000e+02 2.782768e-03
1.258000e+02 2.765563e-03
1.259000e+02 2.748189e-03
1.260000e+02 2.731057e-03
1.261000e+02 2.713803e-03
1.262000e+02 2.696819e-03
1.263000e+02 2.679715e-03
1.264000e+02 2.662791e-03
1.265000e+02 2.645825e-03
1.266000e+02 2.628929e-03
1.267000e+02 2.612042e-03
1.268000e+02 2.595164e-03
1.269000e+02 2.578320e-03
1.270000e+02 2.561430e-03
1.271000e+02 2.544526e-03
1.272000e+02 2.527552e-03
1.273000e+02 2.510554e-03
1.274000e+02 2.493344e-03
1.275000e+02 2.475997e-03
1.276000e+02 2.458073e-03
1.277000e+02 2.439295e-03
1.278000e+02 2.415570e-03
1.279000e+02 2.401179e-03
1.280000e+02 2.386749e-03
1.281000e+02 2.372557e-03
1.282000e+02 2.358257e-03
1.283000e+02 2.344119e-03
1.284000e+02 2.330024e-03
1.285000e+02 2.315968e-03
1.286000e+02 2.302045e-03
1.287000e+02 2.288103e-03
1.288000e+02 2.274268e-03
1.289000e+02 2.260475e-03
1.290000e+02 2.246753e-03
1.291000e+02 2.233057e-03
1.292000e+02 2.219229e-03
1.293000e+02 2.205833e-03
1.294000e+02 2.192178e-03
1.295000e+02 2.179144e-03
1.296000e+02 2.164587e-03
1.297000e+02 2.150804e-03
1.298000e+02 2.137102e-03
1.299000e+02 2.123384e-03
1.300000e+02 2.109652e-03
1.301000e+02 2.095963e-03
1.302000e+02 2.082259e-03
1.303000e+02 2.068528e-03
1.304000e+02 2.054771e-03
1.305000e+02 2.040965e-03
1.306000e+02 2.027065e-03
1.307000e+02 2.013030e-03
1.308000e+02 1.998811e-03
1.309000e+02 1.984226e-03
1.310000e+02 1.969173e-03
1.311000e+02 1.951097e-03
1.312000e+02 1.935756e-03
1.313000e+02 1.924533e-03
1.314000e+02 1.913028e-03
1.315000e+02 1.901553e-03
1.316000e+02 1.890131e-03
1.317000e+02 1.878589e-03
1.318000e+02 1.867474e-03
1.319000e+02 1.856114e-03
1.320000e+02 1.844973e-03
1.321000e+02 1.833815e-03
1.322000e+02 1.822677e-03
1.323000e+02 1.811565e-03
1.324000e+02 1.800492e-03
1.325000e+02 1.789517e-03
1.326000e+02 1.778529e-03
1.327000e+02 1.767602e-03
1.328000e+02 1.756710e-03
1.329000e+02 1.745812e-03
1.330000e+02 1.735040e-03
1.331000e+02 1.724263e-03
1.332000e+02 1.713517e-03
1.333000e+02 1.702796e-03
1.334000e+02 1.692147e-03
1.335000e+02 1.681418e-03
1.336000e+02 1.670797e-03
1.337000e+02 1.660186e-03
1.338000e+02 1.649567e-03
1.339000e+02 1.638962e-03
1.340000e+02 1.628378e-03
1.341000e+02 1.617527e-03
1.342000e+02 1.606265e-03
1.343000e+02 1.594935e-03
1.344000e+02 1.583427e-03
1.345000e+02 1.571622e-03
1.346000e+02 1.559362e-03
1.347000e+02 1.545818e-03
1.348000e+02 1.530682e-03
1.349000e+02 1.521466e-03
1.350000e+02 1.512269e-03
1.351000e+02 1.503132e-03
1.352000e+02 1.494036e-03
1.353000e+02 1.484954e-03
1.354000e+02 1.475875e-03
1.355000e+02 1.466857e-03
1.356000e+02 1.457933e-03
1.357000e+02 1.449000e-03
1.358000e+02 1.440076e-03
1.359000e+02 1.431238e-03
1.360000e+02 1.422379e-03
1.361000e+02 1.413580e-03
1.362000e+02 1.404806e-03
1.363000e+02 1.396176e-03
1.364000e+02 1.387316e-03
1.365000e+02 1.378303e-03
1.366000e+02 1.369983e-03
1.367000e+02 1.361355e-03
1.368000e+02 1.352754e-03
1.369000e+02 1.344176e-03
1.370000e+02 1.335631e-03
1.371000e+02 1.327082e-03
1.372000e+02 1.320469e-03
1.373000e+02 1.310089e-03
1.374000e+02 1.301612e-03
1.375000e+02 1.293151e-03
1.376000e+02 1.284716e-03
1.377000e+02 1.276316e-03
1.378000e+02 1.265529e-03
1.379000e+02 1.259424e-03
1.380000e+02 1.250933e-03
1.381000e+02 1.242492e-03
1.382000e+02 1.234072e-03
1.383000e+02 1.225723e-03
1.384000e+02 1.216976e-03
1.385000e+02 1.208277e-03
1.386000e+02 1.199334e-03
1.387000e+02 1.188282e-03
1.388000e+02 1.176479e-03
1.389000e+02 1.169224e-03
1.390000e+02 1.161999e-03
1.391000e+02 1.154805e-03
1.392000e+02 1.147612e-03
1.393000e+02 1.140469e-03
1.394000e+02 1.133666e-03
1.395000e+02 1.126255e-03
1.396000e+02 1.119204e-03
1.397000e+02 1.112139e-03
1.398000e+02 1.105121e-03
1.399000e+02 1.098115e-03
1.400000e+02 1.091157e-03
1.401000e+02 1.084069e-03
1.402000e+02 1.077282e-03
1.403000e+02 1.070386e-03
1.404000e+02 1.063506e-03
1.405000e+02 1.056653e-03
1.406000e+02 1.049806e-03
1.407000e+02 1.042987e-03
1.408000e+02 1.036213e-03
1.409000e+02 1.029460e-03
1.410000e+02 1.022679e-03
1.411000e+02 1.015949e-03
1.412000e+02 1.009225e-03
1.413000e+02 1.002533e-03
1.414000e+02 9.958383e-04
1.415000e+02 9.891567e-04
1.416000e+02 9.824954e-04
1.417000e+02 9.758442e-04
1.418000e+02 9.692140e-04
1.419000e+02 9.625820e-04
1.420000e+02 9.559629e-04
1.421000e+02 9.491981e-04
1.422000e+02 9.427044e-04
1.423000e+02 9.358011e-04
1.424000e+02 9.294266e-04
1.425000e+02 9.227696e-04
1.426000e+02 9.162577e-04
1.427000e+02 9.093235e-04
1.428000e+02 9.024996e-04
1.429000e+02 8.955331e-04
1.430000e+02 8.882896e-04
1.431000e+02 8.811206e-04
1.432000e+02 8.755440e-04
1.433000e+02 8.698366e-04
1.434000e+02 8.642332e-04
1.435000e+02 8.586649e-04
1.436000e+02 8.530735e-04
1.437000e+02 8.475423e-04
1.438000e+02 8.420079e-04
1.439000e+02 8.364943e-04
1.440000e+02 8.310075e-04
1.441000e+02 8.255340e-04
1.442000e+02 8.200767e-04
1.443000e+02 8.146419e-04
1.444000e+02 8.092257e-04
1.445000e+02 8.039044e-04
1.446000e+02 7.983875e-04
1.447000e+02 7.930659e-04
1.448000e+02 7.877341e-04
1.449000e+02 7.823976e-04
1.450000e+02 7.770065e-04
1.451000e+02 7.717855e-04
1.452000e+02 7.664919e-04
1.453000e+02 7.612198e-04
1.454000e+02 7.559656e-04
1.455000e+02 7.507156e-04
1.456000e+02 7.454978e-04
1.457000e+02 7.402783e-04
1.458000e+02 7.350687e-04
1.459000e+02 7.298799e-04
1.460000e+02 7.246847e-04
1.461000e+02 7.195307e-04
1.462000e+02 7.143619e-04
1.463000e+02 7.092093e-04
1.464000e+02 7.040779e-04
1.465000e+02 6.989286e-04
1.466000e+02 6.937787e-04
1.467000e+02 6.886436e-04
1.468000e+02 6.835235e-04
1.469000e+02 6.783786e-04
1.470000e+02 6.732296e-04
1.471000e+02 6.680817e-04
1.472000e+02 6.629116e-04
1.473000e+02 6.577232e-04
1.474000e+02 6.527935e-04
1.475000e+02 6.484144e-04
1.476000e+02 6.440334e-04
1.477000e+02 6.396724e-04
1.478000e+02 6.353147e-04
1.479000e+02 6.310040e-04
1.480000e+02 6.266913e-04
1.481000e+02 6.223921e-04
1.482000e+02 6.181125e-04
1.483000e+02 6.138520e-04
1.484000e+02 6.095864e-04
1.485000e+02 6.053410e-04
1.486000e+02 6.011229e-04
1.487000e+02 5.969074e-04
1.488000e+02 5.927118e-04
1.489000e+02 5.885203e-04
1.490000e+02 5.843557e-04
1.491000e+02 5.801898e-04
1.492000e+02 5.760545e-04
1.493000e+02 5.719054e-04
1.494000e+02 5.677955e-04
1.495000e+02 5.637274e-04
1.496000e+02 5.595547e-04
1.497000e+02 5.555069e-04
1.498000e+02 5.514325e-04
1.499000e+02 5.473690e-04
1.500000e+02 5.433204e-04
1.501000e+02 5.392787e-04
1.502000e+02 5.352723e-04
1.503000e+02 5.312875e-04
1.504000e+02 5.272261e-04
1.505000e+02 5.232348e-04
1.506000e+02 5.192472e-04
1.507000e+02 5.150602e-04
1.508000e+02 5.112955e-04
1.509000e+02 5.073347e-04
1.510000e+02 5.033786e-04
1.511000e+02 4.994342e-04
1.512000e+02 4.954901e-04
1.513000e+02 4.915562e-04
1.514000e+02 4.876280e-04
1.515000e+02 4.837062e-04
1.516000e+02 4.801865e-04
1.517000e+02 4.767769e-04
1.518000e+02 4.733818e-04
1.519000e+02 4.699936e-04
1.520000e+02 4.666222e-04
1.521000e+02 4.632579e-04
1.522000e+02 4.599083e-04
1.523000e+02 4.565677e-04
1.524000e+02 4.532397e-04
1.525000e+02 4.499186e-04
1.526000e+02 4.466167e-04
1.527000e+02 4.433244e-04
1.528000e+02 4.400355e-04
1.529000e+02 4.367679e-04
1.530000e+02 4.335195e-04
1.531000e+02 4.302584e-04
1.532000e+02 4.270089e-04
1.533000e+02 4.237783e-04
1.534000e+02 4.205690e-04
1.535000e+02 4.173512e-04
1.536000e+02 4.141551e-04
1.537000e+02 4.109698e-04
1.538000e+02 4.077869e-04
1.539000e+02 4.046213e-04
1.540000e+02 4.014558e-04
1.541000e+02 3.983056e-04
1.542000e+02 3.951701e-04
1.543000e+02 3.920376e-04
1.544000e+02 3.889180e-04
1.545000e+02 3.858054e-04
1.546000e+02 3.827049e-04
1.547000e+02 3.797200e-04
1.548000e+02 3.765222e-04
1.549000e+02 3.734447e-04
1.550000e+02 3.703452e-04
1.551000e+02 3.673236e-04
1.552000e+02 3.642610e-04
1.553000e+02 3.612163e-04
1.554000e+02 3.581812e-04
1.555000e+02 3.551569e-04
1.556000e+02 3.524048e-04
1.557000e+02 3.497458e-04
1.558000e+02 3.471045e-04
1.559000e+02 3.444691e-04
1.560000e+02 3.418424e-04
1.561000e+02 3.392250e-04
1.562000e+02 3.366188e-04
1.563000e+02 3.340201e-04
1.564000e+02 3.314315e-04
1.565000e+02 3.288511e-04
1.566000e+02 3.262782e-04
1.567000e+02 3.237126e-04
1.568000e+02 3.211586e-04
1.569000e+02 3.186120e-04
1.570000e+02 3.160759e-04
1.571000e+02 3.135472e-04
1.572000e+02 3.110223e-04
1.573000e+02 3.085150e-04
1.574000e+02 3.060109e-04
1.575000e+02 3.035137e-04
1.576000e+02 3.010260e-04
1.577000e+02 2.987345e-04
1.578000e+02 2.960755e-04
1.579000e+02 2.936106e-04
1.580000e+02 2.911557e-04
1.581000e+02 2.887079e-04
1.582000e+02 2.862706e-04
1.583000e+02 2.838385e-04
1.584000e+02 2.814141e-04
1.585000e+02 2.790000e-04
1.586000e+02 2.765903e-04
1.587000e+02 2.742790e-04
1.588000e+02 2.718010e-04
1.589000e+02 2.694084e-04
1.590000e+02 2.670301e-04
1.591000e+02 2.646544e-04
1.592000e+02 2.622927e-04
1.593000e+02 2.599358e-04
1.594000e+02 2.576397e-04
1.595000e+02 2.555783e-04
1.596000e+02 2.535103e-04
1.597000e+02 2.514644e-04
1.598000e+02 2.494212e-04
1.599000e+02 2.473841e-04
1.600000e+02 2.453535e-04
1.601000e+02 2.433319e-04
1.602000e+02 2.413147e-04
1.603000e+02 2.393054e-04
1.604000e+02 2.373034e-04
1.605000e+02 2.353093e-04
1.606000e+02 2.333189e-04
1.607000e+02 2.313375e-04
1.608000e+02 2.293686e-04
1.609000e+02 2.263727e-04
1.610000e+02 2.256761e-04
1.611000e+02 2.234795e-04
1.612000e+02 2.215325e-04
1.613000e+02 2.195910e-04
1.614000e+02 2.176547e-04
1.615000e+02 2.157271e-04
1.616000e+02 2.138046e-04
1.617000e+02 2.118912e-04
1.618000e+02 2.099787e-04
1.619000e+02 2.080775e-04
1.620000e+02 2.061789e-04
1.621000e+02 2.042901e-04
1.622000e+02 2.024074e-04
1.623000e+02 2.005290e-04
1.624000e+02 1.986560e-04
1.625000e+02 1.967903e-04
1.626000e+02 1.949316e-04
1.627000e+02 1.930760e-04
1.628000e+02 1.912294e-04
1.629000e+02 1.893871e-04
1.630000e+02 1.875532e-04
1.631000e+02 1.857704e-04
1.632000e+02 1.841692e-04
1.633000e+02 1.825733e-04
1.634000e+02 1.809896e-04
1.635000e+02 1.794144e-04
1.636000e+02 1.778292e-04
1.637000e+02 1.762551e-04
1.638000e+02 1.746885e-04
1.639000e+02 1.731260e-04
1.640000e+02 1.715701e-04
1.641000e+02 1.700203e-04
1.642000e+02 1.684753e-04
1.643000e+02 1.669348e-04
1.644000e+02 1.654007e-04
1.645000e+02 1.638723e-04
1.646000e+02 1.623483e-04
1.647000e+02 1.608280e-04
1.648000e+02 1.593136e-04
1.649000e+02 1.578080e-04
1.650000e+02 1.563044e-04
1.651000e+02 1.548039e-04
1.652000e+02 1.533160e-04
1.653000e+02 1.518242e-04
1.654000e+02 1.503407e-04
1.655000e+02 1.488639e-04
1.656000e+02 1.473898e-04
1.657000e+02 1.459226e-04
1.658000e+02 1.444585e-04
1.659000e+02 1.430000e-04
1.660000e+02 1.415485e-04
1.661000e+02 1.400983e-04
1.662000e+02 1.386552e-04
1.663000e+02 1.372184e-04
1.664000e+02 1.357819e-04
1.665000e+02 1.343528e-04
1.666000e+02 1.329283e-04
1.667000e+02 1.316620e-04
1.668000e+02 1.304318e-04
1.669000e+02 1.292042e-04
1.670000e+02 1.279821e-04
1.671000e+02 1.267637e-04
1.672000e+02 1.255438e-04
1.673000e+02 1.243423e-04
1.674000e+02 1.231366e-04
1.675000e+02 1.219352e-04
1.676000e+02 1.207388e-04
1.677000e+02 1.195447e-04
1.678000e+02 1.183588e-04
1.679000e+02 1.172103e-04
1.680000e+02 1.159934e-04
1.681000e+02 1.148195e-04
1.682000e+02 1.136456e-04
1.683000e+02 1.124758e-04
1.684000e+02 1.113120e-04
1.685000e+02 1.101742e-04
1.686000e+02 1.089959e-04
1.687000e+02 1.078445e-04
1.688000e+02 1.066947e-04
1.689000e+02 1.055509e-04
1.690000e+02 1.044109e-04
1.691000e+02 1.032744e-04
1.692000e+02 1.021409e-04
1.693000e+02 1.010034e-04
1.694000e+02 9.988856e-05
1.695000e+02 9.876655e-05
1.696000e+02 9.762708e-05
1.697000e+02 9.653702e-05
1.698000e+02 9.545971e-05
1.699000e+02 9.431789e-05
1.700000e+02 9.322700e-05
1.701000e+02 9.228307e-05
1.702000e+02 9.134086e-05
1.703000e+02 9.022496e-05
1.704000e+02 8.946785e-05
1.705000e+02 8.853588e-05
1.706000e+02 8.760781e-05
1.707000e+02 8.668337e-05
1.708000e+02 8.575978e-05
1.709000e+02 8.484221e-05
1.710000e+02 8.392691e-05
1.711000e+02 8.301410e-05
1.712000e+02 8.210451e-05
1.713000e+02 8.119784e-05
1.714000e+02 8.029593e-05
1.715000e+02 7.939646e-05
1.716000e+02 7.849909e-05
1.717000e+02 7.760652e-05
1.718000e+02 7.671536e-05
1.719000e+02 7.582758e-05
1.720000e+02 7.494434e-05
1.721000e+02 7.406240e-05
1.722000e+02 7.311750e-05
1.723000e+02 7.288824e-05
1.724000e+02 7.146880e-05
1.725000e+02 7.056643e-05
1.726000e+02 6.970086e-05
1.727000e+02 6.883628e-05
1.728000e+02 6.797579e-05
1.729000e+02 6.713589e-05
1.730000e+02 6.626393e-05
1.731000e+02 6.541196e-05
1.732000e+02 6.456211e-05
1.733000e+02 6.384140e-05
1.734000e+02 6.312674e-05
1.735000e+02 6.241524e-05
1.736000e+02 6.170561e-05
1.737000e+02 6.099744e-05
1.738000e+02 6.029243e-05
1.739000e+02 5.958955e-05
1.740000e+02 5.891479e-05
1.741000e+02 5.818830e-05
1.742000e+02 5.749698e-05
1.743000e+02 5.680501e-05
1.744000e+02 5.611467e-05
1.745000e+02 5.542640e-05
1.746000e+02 5.474064e-05
1.747000e+02 5.405894e-05
1.748000e+02 5.337744e-05
1.749000e+02 5.269871e-05
1.750000e+02 5.202198e-05
1.751000e+02 5.134885e-05
1.752000e+02 5.070502e-05
1.753000e+02 5.000806e-05
1.754000e+02 4.934116e-05
1.755000e+02 4.867697e-05
1.756000e+02 4.801471e-05
1.757000e+02 4.735545e-05
1.758000e+02 4.669598e-05
1.759000e+02 4.604110e-05
1.760000e+02 4.538841e-05
1.761000e+02 4.473739e-05
1.762000e+02 4.408814e-05
1.763000e+02 4.350234e-05
1.764000e+02 4.296433e-05
1.765000e+02 4.242879e-05
1.766000e+02 4.189469e-05
1.767000e+02 4.136408e-05
1.768000e+02 4.083352e-05
1.769000e+02 4.030549e-05
1.770000e+02 3.977933e-05
1.771000e+02 3.925488e-05
1.772000e+02 3.873259e-05
1.773000e+02 3.821114e-05
1.774000e+02 3.769272e-05
1.775000e+02 3.730259e-05
1.776000e+02 3.666028e-05
1.777000e+02 3.614622e-05
1.778000e+02 3.563525e-05
1.779000e+02 3.512508e-05
1.780000e+02 3.461691e-05
1.781000e+02 3.411040e-05
1.782000e+02 3.360607e-05
1.783000e+02 3.310275e-05
1.784000e+02 3.260199e-05
1.785000e+02 3.210189e-05
1.786000e+02 3.160428e-05
1.787000e+02 3.110822e-05
1.788000e+02 3.061340e-05
1.789000e+02 3.012113e-05
1.790000e+02 2.963035e-05
1.791000e+02 2.914115e-05
1.792000e+02 2.873105e-05
1.793000e+02 2.833363e-05
1.794000e+02 2.793749e-05
1.795000e+02 2.755817e-05
1.796000e+02 2.714935e-05
1.797000e+02 2.675740e-05
1.798000e+02 2.632881e-05
1.799000e+02 2.597727e-05
1.800000e+02 2.558960e-05
1.801000e+02 2.520305e-05
1.802000e+02 2.481769e-05
1.803000e+02 2.443432e-05
1.804000e+02 2.405181e-05
1.805000e+02 2.367038e-05
1.806000e+02 2.329068e-05
1.807000e+02 2.291198e-05
1.808000e+02 2.253525e-05
1.809000e+02 2.215895e-05
1.810000e+02 2.178428e-05
1.811000e+02 2.141105e-05
1.812000e+02 2.103900e-05
1.813000e+02 2.066802e-05
1.814000e+02 2.029868e-05
1.815000e+02 1.993050e-05
1.816000e+02 1.956352e-05
1.817000e+02 1.919781e-05
1.818000e+02 1.883353e-05
1.819000e+02 1.853875e-05
1.820000e+02 1.824917e-05
1.821000e+02 1.796056e-05
1.822000e+02 1.767370e-05
1.823000e+02 1.738688e-05
1.824000e+02 1.710127e-05
1.825000e+02 1.681696e-05
1.826000e+02 1.653348e-05
1.827000e+02 1.625112e-05
1.828000e+02 1.596948e-05
1.829000e+02 1.568916e-05
1.830000e+02 1.540969e-05
1.831000e+02 1.513271e-05
1.832000e+02 1.485356e-05
1.833000e+02 1.457674e-05
1.834000e+02 1.434405e-05
1.835000e+02 1.402669e-05
1.836000e+02 1.375277e-05
1.837000e+02 1.348018e-05
1.838000e+02 1.320839e-05
1.839000e+02 1.293691e-05
1.840000e+02 1.266745e-05
1.841000e+02 1.239839e-05
1.842000e+02 1.213016e-05
1.843000e+02 1.186312e-05
1.844000e+02 1.164271e-05
1.845000e+02 1.143608e-05
1.846000e+02 1.122995e-05
1.847000e+02 1.102462e-05
1.848000e+02 1.082008e-05
1.849000e+02 1.061615e-05
1.850000e+02 1.041292e-05
1.851000e+02 1.021042e-05
1.852000e+02 1.000880e-05
1.853000e+02 9.807778e-06
1.854000e+02 9.607530e-06
1.855000e+02 9.407654e-06
1.856000e+02 9.208658e-06
1.857000e+02 9.010472e-06
1.858000e+02 8.812972e-06
1.859000e+02 8.616005e-06
1.860000e+02 8.419771e-06
1.861000e+02 8.224254e-06
1.862000e+02 8.029549e-06
1.863000e+02 7.835262e-06
1.864000e+02 7.641740e-06
1.865000e+02 7.448950e-06
1.866000e+02 7.252914e-06
1.867000e+02 7.085183e-06
1.868000e+02 6.940974e-06
1.869000e+02 6.797074e-06
1.870000e+02 6.653924e-06
1.871000e+02 6.511078e-06
1.872000e+02 6.369004e-06
1.873000e+02 6.227169e-06
1.874000e+02 6.085942e-06
1.875000e+02 5.945139e-06
1.876000e+02 5.804903e-06
1.877000e+02 5.665114e-06
1.878000e+02 5.525828e-06
1.879000e+02 5.387153e-06
1.880000e+02 5.248785e-06
1.881000e+02 5.111024e-06
1.882000e+02 4.973676e-06
1.883000e+02 4.836762e-06
1.884000e+02 4.700447e-06
1.885000e+02 4.564428e-06
1.886000e+02 4.429045e-06
1.887000e+02 4.294080e-06
1.888000e+02 4.159594e-06
1.889000e+02 4.057709e-06
1.890000e+02 3.960363e-06
1.891000e+02 3.863266e-06
1.892000e+02 3.766556e-06
1.893000e+02 3.670108e-06
1.894000e+02 3.574070e-06
1.895000e+02 3.478421e-06
1.896000e+02 3.382974e-06
1.897000e+02 3.287925e-06
1.898000e+02 3.193258e-06
1.899000e+02 3.098921e-06
1.900000e+02 3.004792e-06
1.901000e+02 2.911156e-06
1.902000e+02 2.817753e-06
1.903000e+02 2.724630e-06
1.904000e+02 2.631870e-06
1.905000e+02 2.539453e-06
1.906000e+02 2.447391e-06
1.907000e+02 2.354932e-06
1.908000e+02 2.269574e-06
1.909000e+02 2.205890e-06
1.910000e+02 2.142436e-06
1.911000e+02 2.079213e-06
1.912000e+02 2.016275e-06
1.913000e+02 1.954786e-06
1.914000e+02 1.890843e-06
1.915000e+02 1.828465e-06
1.916000e+02 1.766355e-06
1.917000e+02 1.704436e-06
1.918000e+02 1.642744e-06
1.919000e+02 1.581231e-06
1.920000e+02 1.519990e-06
1.921000e+02 1.458938e-06
1.922000e+02 1.398092e-06
1.923000e+02 1.337461e-06
1.924000e+02 1.277070e-06
1.925000e+02 1.216769e-06
1.926000e+02 1.164347e-06
1.927000e+02 1.124722e-06
1.928000e+02 1.085199e-06
1.929000e+02 1.045823e-06
1.930000e+02 1.006582e-06
1.931000e+02 9.674953e-07
1.932000e+02 9.285212e-07
1.933000e+02 8.896958e-07
1.934000e+02 8.509913e-07
1.935000e+02 8.124319e-07
1.936000e+02 7.740153e-07
1.937000e+02 7.357365e-07
1.938000e+02 6.975929e-07
1.939000e+02 6.595738e-07
1.940000e+02 6.216859e-07
1.941000e+02 5.839330e-07
1.942000e+02 5.524068e-07
1.943000e+02 5.290928e-07
1.944000e+02 5.058741e-07
1.945000e+02 4.827254e-07
1.946000e+02 4.596641e-07
1.947000e+02 4.366766e-07
1.948000e+02 4.137925e-07
1.949000e+02 3.909590e-07
1.950000e+02 3.682226e-07
1.951000e+02 3.455572e-07
1.952000e+02 3.229744e-07
1.953000e+02 3.004726e-07
1.954000e+02 2.780566e-07
1.955000e+02 2.557073e-07
1.956000e+02 2.370677e-07
1.957000e+02 2.243727e-07
1.958000e+02 2.117239e-07
1.959000e+02 1.991156e-07
1.960000e+02 1.865531e-07
1.961000e+02 1.740337e-07
1.962000e+02 1.615590e-07
1.963000e+02 1.491301e-07
1.964000e+02 1.367410e-07
1.965000e+02 1.243962e-07
1.966000e+02 1.120962e-07
1.967000e+02 9.983998e-08
1.968000e+02 8.908236e-08
1.969000e+02 8.285190e-08
1.970000e+02 7.663684e-08
1.971000e+02 7.044781e-08
1.972000e+02 6.428182e-08
1.973000e+02 5.813463e-08
1.974000e+02 5.201096e-08
1.975000e+02 4.590788e-08
1.976000e+02 3.982681e-08
1.977000e+02 3.376661e-08
1.978000e+02 2.783454e-08
1.979000e+02 2.520050e-08
1.980000e+02 2.257631e-08
1.981000e+02 1.996238e-08
1.982000e+02 1.735569e-08
1.983000e+02 1.475919e-08
1.984000e+02 1.217170e-08
1.985000e+02 9.593231e-09
1.986000e+02 7.024099e-09
1.987000e+02 5.724740e-09
1.988000e+02 4.848920e-09
1.989000e+02 3.976360e-09
1.990000e+02 3.106787e-09
1.991000e+02 2.240235e-09
1.992000e+02 1.376934e-09
1.993000e+02 7.903623e-10
1.994000e+02 5.997207e-10
1.995000e+02 4.097591e-10
1.996000e+02 2.204708e-10
1.997000e+02 3.466107e-11
1.998000e+02 2.034560e-11
1.999000e+02 6.081493e-12
2.000000e+02 0.000000e+00
