1.000000 170.790081 319.550298 20.560029 78.171783 169.637043 320.440707 19.803650 77.113091
2.000000 169.349047 299.581117 18.700363 71.136059 165.739977 302.888063 16.952062 68.556460
3.000000 165.623598 271.719088 16.771341 62.921204 159.784358 278.123979 13.851882 58.560828
4.000000 159.287415 241.059055 14.946094 54.811721 152.434144 250.148058 10.993808 48.870625
5.000000 150.868790 211.297239 13.388228 47.598420 144.379524 222.110622 8.576269 40.352865
6.000000 141.329163 184.628036 12.070532 41.446717 136.221231 196.061890 6.631573 33.260053
7.000000 131.697290 161.972245 10.962586 36.325657 128.409751 173.059393 5.116160 27.541414
8.000000 122.776925 143.376895 10.017397 32.086811 121.234281 153.426520 3.957630 23.006403
9.000000 115.051996 128.408404 9.195403 28.561668 114.843007 137.028553 3.080894 19.429140
10.000000 108.710456 116.436758 8.468434 25.600852 109.277627 123.495219 2.419543 16.599595
11.000000 103.719610 106.831120 7.815768 23.081225 104.509351 112.376009 1.919613 14.342133
12.000000 99.921774 99.037940 7.224040 20.909284 100.469359 103.228606 1.539425 12.519050
13.000000 97.107439 92.616038 6.684145 19.015366 97.071244 95.663317 1.247771 11.026360
14.000000 95.066086 87.231310 6.189822 17.347869 94.225639 89.357163 1.021717 9.786923
15.000000 93.612600 82.639429 5.736420 15.868491 91.848585 84.052222 0.844560 8.744060
16.000000 92.597052 78.664781 5.320203 14.547927 89.865506 79.546919 0.704178 7.855945
17.000000 91.904483 75.181584 4.937952 13.363584 88.212399 75.685242 0.591741 7.091659
18.000000 91.449866 72.098728 4.586812 12.297121 86.835481 72.346666 0.500779 6.427760
19.000000 91.171664 69.349172 4.264143 11.333899 85.690093 69.437727 0.426506 5.846612
20.000000 91.025773 66.882238 3.967510 10.461425 84.739370 66.885358 0.365345 5.334354
21.000000 90.980568 64.658554 3.694663 9.669360 83.952927 64.631873 0.314593 4.880227
22.000000 91.013171 62.646735 3.443528 8.948705 83.305687 62.631225 0.272183 4.475538
23.000000 91.106773 60.821118 3.212204 8.291754 82.776886 60.846249 0.236518 4.113290
24.000000 91.248782 59.160305 2.998954 7.691700 82.349258 59.246628 0.206350 3.787674
25.000000 91.429569 57.646204 2.802195 7.142756 82.008378 57.807390 0.180697 3.493990
26.000000 91.641615 56.263275 2.620489 6.639669 81.742132 56.507771 0.158775 3.228186
27.000000 91.878939 54.998093 2.452530 6.177934 81.540298 55.330374 0.139958 2.986933
28.000000 92.136700 53.838925 2.297135 5.753502 81.394204 54.260504 0.123737 2.767351
29.000000 92.410927 52.775480 2.153232 5.362816 81.296463 53.285665 0.109701 2.567002
30.000000 92.698324 51.798677 2.019848 5.002708 81.240752 52.395167 0.097511 2.383783
31.000000 92.996125 50.900468 1.896103 4.670376 81.221636 51.579812 0.086888 2.215886
32.000000 93.301997 50.073689 1.781198 4.363306 81.234428 50.831642 0.077602 2.061732
33.000000 93.613951 49.311955 1.674409 4.079279 81.275067 50.143737 0.069460 1.919965
34.000000 93.930291 48.609536 1.575077 3.816285 81.340027 49.510058 0.062302 1.789379
35.000000 94.249561 47.961300 1.482606 3.572548 81.426233 48.925305 0.055991 1.668935
36.000000 94.570504 47.362614 1.396451 3.346459 81.530998 48.384813 0.050414 1.557704
37.000000 94.892040 46.809305 1.316118 3.136571 81.651966 47.884462 0.045473 1.454870
38.000000 95.213235 46.297591 1.241154 2.941578 81.787068 47.420594 0.041086 1.359704
39.000000 95.533279 45.824046 1.171150 2.760299 81.934481 46.989958 0.037183 1.271558
40.000000 95.851476 45.385555 1.105729 2.591655 82.092596 46.589651 0.033703 1.189844
41.000000 96.167221 44.979287 1.044547 2.434669 82.259990 46.217076 0.030594 1.114037
42.000000 96.479995 44.602657 0.987290 2.288447 82.435403 45.869903 0.027812 1.043662
43.000000 96.789350 44.253311 0.933670 2.152166 82.617716 45.546036 0.025318 0.978279
44.000000 97.094902 43.929097 0.883422 2.025076 82.805936 45.243583 0.023078 0.917497
45.000000 97.396324 43.628047 0.836304 1.906479 82.999176 44.960836 0.021063 0.860948
46.000000 97.693336 43.348365 0.792092 1.795739 83.196649 44.696251 0.019248 0.808298
47.000000 97.985703 43.088408 0.750582 1.692266 83.397650 44.448423 0.017610 0.759242
48.000000 98.273228 42.846672 0.711583 1.595519 83.601553 44.216078 0.016129 0.713498
49.000000 98.555749 42.621780 0.674923 1.504992 83.807795 43.998057 0.014790 0.670803
50.000000 98.833132 42.412477 0.640440 1.420227 84.015875 43.793303 0.013576 0.630920
51.000000 99.105271 42.217607 0.607986 1.340791 84.225341 43.600849 0.012475 0.593627
52.000000 99.372084 42.036115 0.577425 1.266293 84.435793 43.419813 0.011474 0.558721
53.000000 99.633509 41.867029 0.548629 1.196372 84.646870 43.249388 0.010564 0.526018
54.000000 99.889505 41.709459 0.521483 1.130690 84.858249 43.088833 0.009736 0.495344
55.000000 100.140050 41.562580 0.495878 1.068941 85.069641 42.937467 0.008980 0.466544
56.000000 100.385134 41.425635 0.471713 1.010839 85.280788 42.794666 0.008290 0.439473
57.000000 100.624768 41.297919 0.448897 0.956126 85.491459 42.659854 0.007660 0.414000
58.000000 100.858975 41.178784 0.427343 0.904562 85.701448 42.532502 0.007084 0.390006
59.000000 101.087792 41.067620 0.406972 0.855933 85.910573 42.412120 0.006556 0.367386
60.000000 101.311274 40.963869 0.387709 0.810043 86.118672 42.298260 0.006072 0.346046
61.000000 101.529487 40.867005 0.369486 0.766717 86.325602 42.190507 0.005629 0.325901
62.000000 101.742514 40.776548 0.352239 0.725796 86.531238 42.088480 0.005221 0.306880
63.000000 101.950454 40.692048 0.335908 0.687143 86.735474 41.991827 0.004847 0.288923
64.000000 102.153418 40.613102 0.320437 0.650628 86.938216 41.900228 0.004503 0.271973
65.000000 102.351537 40.539335 0.305775 0.616144 87.139388 41.813391 0.004185 0.255989
66.000000 102.544955 40.470422 0.291874 0.583593 87.338926 41.731052 0.003893 0.240932
67.000000 102.733832 40.406074 0.278689 0.552883 87.536783 41.652971 0.003624 0.226768
68.000000 102.918344 40.346050 0.266177 0.523937 87.732921 41.578937 0.003375 0.213471
69.000000 103.098678 40.290150 0.254300 0.496683 87.927317 41.508763 0.003145 0.201017
70.000000 103.275035 40.238229 0.243020 0.471050 88.119959 41.442289 0.002933 0.189381
71.000000 103.447625 40.190184 0.232304 0.446979 88.310847 41.379378 0.002737 0.178544
72.000000 103.616666 40.145963 0.222120 0.424406 88.499990 41.319914 0.002555 0.168482
73.000000 103.782377 40.105557 0.212440 0.403271 88.687408 41.263807 0.002387 0.159172
74.000000 103.944978 40.068999 0.203235 0.383521 88.873127 41.210983 0.002231 0.150596
75.000000 104.104682 40.036360 0.194481 0.365098 89.057182 41.161387 0.002086 0.142729
76.000000 104.261695 40.007735 0.186155 0.347957 89.239613 41.114976 0.001952 0.135554
77.000000 104.416205 39.983239 0.178236 0.332044 89.420461 41.071720 0.001827 0.129046
78.000000 104.568383 39.962996 0.170704 0.317322 89.599772 41.031592 0.001711 0.123194
79.000000 104.718376 39.947123 0.163543 0.303743 89.777588 40.994568 0.001604 0.117976
80.000000 104.866305 39.935717 0.156735 0.291278 89.953950 40.960620 0.001504 0.113381
81.000000 105.012262 39.928849 0.150266 0.279890 90.128891 40.929710 0.001411 0.109394
82.000000 105.156306 39.926536 0.144122 0.269549 90.302439 40.901787 0.001325 0.106004
83.000000 105.298465 39.928743 0.138291 0.260224 90.474610 40.876780 0.001244 0.103197
84.000000 105.438737 39.935363 0.132761 0.251887 90.645407 40.854597 0.001170 0.100961
85.000000 105.577090 39.946212 0.127521 0.244500 90.814823 40.835115 0.001101 0.099274
86.000000 105.713464 39.961019 0.122561 0.238027 90.982833 40.818186 0.001036 0.098117
87.000000 105.847778 39.979429 0.117870 0.232415 91.149397 40.803629 0.000976 0.097455
88.000000 105.979930 40.000998 0.113439 0.227608 91.314463 40.791231 0.000921 0.097249
89.000000 106.109804 40.025198 0.109257 0.223533 91.477961 40.780751 0.000869 0.097446
90.000000 106.237274 40.051433 0.105314 0.220110 91.639811 40.771920 0.000822 0.097988
91.000000 106.362207 40.079039 0.101600 0.217239 91.799921 40.764446 0.000777 0.098799
92.000000 106.484472 40.107309 0.098105 0.214819 91.958191 40.758021 0.000736 0.099803
93.000000 106.603939 40.135510 0.094816 0.212733 92.114515 40.752324 0.000698 0.100908
94.000000 106.720484 40.162898 0.091723 0.210859 92.268789 40.747031 0.000662 0.102023
95.000000 106.833994 40.188747 0.088814 0.209077 92.420907 40.741823 0.000629 0.103053
96.000000 106.944367 40.212366 0.086076 0.207264 92.570772 40.736393 0.000598 0.103905
97.000000 107.051516 40.233121 0.083497 0.205303 92.718295 40.730454 0.000570 0.104490
98.000000 107.155368 40.250457 0.081065 0.203092 92.863399 40.723746 0.000543 0.104732
99.000000 107.255868 40.263911 0.078767 0.200541 93.006024 40.716045 0.000518 0.104563
100.000000 107.352979 40.273127 0.076591 0.197573 93.146127 40.707164 0.000495 0.103929
101.000000 107.446685 40.277862 0.074523 0.194136 93.283684 40.696959 0.000473 0.102797
102.000000 107.536989 40.277993 0.072553 0.190193 93.418691 40.685333 0.000452 0.101144
103.000000 107.623915 40.273515 0.070669 0.185727 93.551165 40.672233 0.000433 0.098966
104.000000 107.707509 40.264537 0.068859 0.180746 93.681141 40.657652 0.000415 0.096279
105.000000 107.787840 40.251271 0.067115 0.175266 93.808675 40.641625 0.000397 0.093103
106.000000 107.864998 40.234024 0.065427 0.169326 93.933836 40.624227 0.000381 0.089481
107.000000 107.939093 40.213177 0.063787 0.162968 94.056711 40.605565 0.000365 0.085455
108.000000 108.010257 40.189173 0.062188 0.156250 94.177395 40.585777 0.000350 0.081081
109.000000 108.078639 40.162500 0.060623 0.149233 94.295995 40.565020 0.000336 0.076415
110.000000 108.144404 40.133667 0.059088 0.141977 94.412623 40.543470 0.000322 0.071516
111.000000 108.207730 40.103195 0.057578 0.134549 94.527393 40.521311 0.000309 0.066440
112.000000 108.268803 40.071596 0.056090 0.127006 94.640422 40.498731 0.000296 0.061243
113.000000 108.327816 40.039360 0.054621 0.119407 94.751824 40.475916 0.000284 0.055975
114.000000 108.384960 40.006945 0.053171 0.111801 94.861709 40.453046 0.000272 0.050681
115.000000 108.440426 39.974773 0.051737 0.104233 94.970181 40.430290 0.000261 0.045399
116.000000 108.494397 39.943213 0.050319 0.096741 95.077337 40.407804 0.000250 0.040163
117.000000 108.547045 39.912587 0.048917 0.089355 95.183267 40.385728 0.000239 0.034998
118.000000 108.598529 39.883169 0.047532 0.082103 95.288052 40.364183 0.000229 0.029929
119.000000 108.648991 39.855181 0.046165 0.074998 95.391761 40.343275 0.000219 0.024966
120.000000 108.698555 39.828796 0.044816 0.068060 95.494457 40.323090 0.000209 0.020126
121.000000 108.747326 39.804145 0.043487 0.061292 95.596193 40.303697 0.000200 0.015410
122.000000 108.795389 39.781320 0.042178 0.054705 95.697014 40.285150 0.000191 0.010828
123.000000 108.842809 39.760376 0.040892 0.048300 95.796955 40.267486 0.000183 0.006378
124.000000 108.889632 39.741339 0.039628 0.042081 95.896046 40.250727 0.000175 0.002064
125.000000 108.935886 39.724206 0.038389 0.036051 95.994309 40.234886 0.000167 -0.002111
126.000000 108.981584 39.708956 0.037175 0.030214 96.091760 40.219963 0.000159 -0.006146
127.000000 109.026723 39.695542 0.035987 0.024579 96.188411 40.205949 0.000152 -0.010033
128.000000 109.071291 39.683908 0.034827 0.019153 96.284271 40.192825 0.000145 -0.013765
129.000000 109.115261 39.673975 0.033695 0.013949 96.379341 40.180569 0.000138 -0.017332
130.000000 109.158603 39.665665 0.032591 0.008986 96.473625 40.169150 0.000132 -0.020716
131.000000 109.201279 39.658878 0.031517 0.004284 96.567122 40.158534 0.000126 -0.023902
132.000000 109.243247 39.653516 0.030472 -0.000134 96.659828 40.148685 0.000120 -0.026867
133.000000 109.284464 39.649473 0.029457 -0.004242 96.751740 40.139562 0.000114 -0.029589
134.000000 109.324886 39.646643 0.028472 -0.008011 96.842854 40.131125 0.000109 -0.032042
135.000000 109.364470 39.644918 0.027517 -0.011416 96.933165 40.123331 0.000104 -0.034204
136.000000 109.403175 39.644194 0.026591 -0.014431 97.022670 40.116140 0.000099 -0.036050
137.000000 109.440964 39.644369 0.025695 -0.017033 97.111362 40.109511 0.000095 -0.037561
138.000000 109.477803 39.645350 0.024829 -0.019208 97.199237 40.103404 0.000090 -0.038723
139.000000 109.513663 39.647049 0.023991 -0.020946 97.286293 40.097782 0.000086 -0.039526
140.000000 109.548517 39.649386 0.023181 -0.022246 97.372525 40.092610 0.000082 -0.039969
141.000000 109.582346 39.652286 0.022399 -0.023113 97.457931 40.087854 0.000078 -0.040056
142.000000 109.615133 39.655688 0.021645 -0.023567 97.542509 40.083483 0.000075 -0.039804
143.000000 109.646867 39.659526 0.020916 -0.023630 97.626257 40.079469 0.000071 -0.039230
144.000000 109.677540 39.663751 0.020214 -0.023340 97.709176 40.075785 0.000068 -0.038368
145.000000 109.707147 39.668309 0.019537 -0.022734 97.791264 40.072405 0.000065 -0.037250
146.000000 109.735690 39.673154 0.018885 -0.021863 97.872523 40.069305 0.000062 -0.035920
147.000000 109.763171 39.678241 0.018256 -0.020780 97.952954 40.066465 0.000059 -0.034424
148.000000 109.789596 39.683520 0.017651 -0.019537 98.032560 40.063862 0.000056 -0.032807
149.000000 109.814974 39.688950 0.017067 -0.018198 98.111342 40.061476 0.000054 -0.031125
150.000000 109.839316 39.694482 0.016506 -0.016809 98.189306 40.059287 0.000052 -0.029418
151.000000 109.862634 39.700069 0.015965 -0.015434 98.266453 40.057277 0.000049 -0.027742
152.000000 109.884943 39.705666 0.015444 -0.014117 98.342789 40.055427 0.000047 -0.026137
153.000000 109.906259 39.711229 0.014943 -0.012910 98.418317 40.053719 0.000045 -0.024645
154.000000 109.926599 39.716712 0.014460 -0.011851 98.493044 40.052137 0.000043 -0.023302
155.000000 109.945983 39.722082 0.013995 -0.010980 98.566974 40.050665 0.000041 -0.022141
156.000000 109.964428 39.727299 0.013547 -0.010318 98.640112 40.049290 0.000039 -0.021182
157.000000 109.981957 39.732340 0.013116 -0.009892 98.712465 40.047998 0.000038 -0.020447
158.000000 109.998589 39.737183 0.012700 -0.009711 98.784039 40.046778 0.000036 -0.019943
159.000000 110.014346 39.741819 0.012299 -0.009781 98.854839 40.045622 0.000034 -0.019678
160.000000 110.029252 39.746241 0.011913 -0.010101 98.924873 40.044522 0.000033 -0.019646
