0.000000 0.000000
0.010000 51.851327
0.020000 47.840326
0.030000 42.449271
0.040000 37.015543
0.050000 32.539492
0.060000 29.388210
0.070000 27.342845
0.080000 25.899817
0.090000 24.615179
0.100000 23.300752
0.110000 22.007929
0.120000 20.874477
0.130000 19.972285
0.140000 19.255404
0.150000 18.613974
0.160000 17.964983
0.170000 17.302105
0.180000 16.675971
0.190000 16.135325
0.200000 15.683119
0.210000 15.279018
0.220000 14.877167
0.230000 14.462124
0.240000 14.053981
0.250000 13.683601
0.260000 13.363165
0.270000 13.077092
0.280000 12.797806
0.290000 12.509519
0.300000 12.218928
0.310000 11.945534
0.320000 11.702433
0.330000 11.485067
0.340000 11.276523
0.350000 11.062879
0.360000 10.844289
0.370000 10.632762
0.380000 10.440000
0.390000 10.266827
0.400000 10.103161
0.410000 9.937495
0.420000 9.766720
0.430000 9.597730
0.440000 9.440180
0.450000 9.297514
0.460000 9.164244
0.470000 9.031297
0.480000 8.894072
0.490000 8.755911
0.500000 8.624330
0.510000 8.503892
0.520000 8.392248
0.530000 8.282585
0.540000 8.169835
0.550000 8.054885
0.560000 7.943245
0.570000 7.839717
0.580000 7.744085
0.590000 7.651538
0.600000 7.557155
0.610000 7.460177
0.620000 7.364328
0.630000 7.274134
0.640000 7.190766
0.650000 7.111135
0.660000 7.030828
0.670000 6.948052
0.680000 6.865010
0.690000 6.785645
0.700000 6.711962
0.710000 6.642299
0.720000 6.572958
0.730000 6.501573
0.740000 6.429102
0.750000 6.358747
0.760000 6.292930
0.770000 6.231123
0.780000 6.170435
0.790000 6.108284
0.800000 6.044652
0.810000 5.981943
0.820000 5.922677
0.830000 5.867189
0.840000 5.813409
0.850000 5.758798
0.860000 5.702622
0.870000 5.646500
0.880000 5.592816
0.890000 5.542520
0.900000 5.494314
0.910000 5.445893
0.920000 5.396042
0.930000 5.345655
0.940000 5.296824
0.950000 5.250883
0.960000 5.207226
0.970000 5.163908
0.980000 5.119438
0.990000 5.074080
1.000000 5.029535
1.010000 4.987328
1.020000 4.947432
1.030000 4.908335
1.040000 4.868446
1.050000 4.827517
1.060000 4.786805
1.070000 4.747865
1.080000 4.711126
1.090000 4.675535
1.100000 4.639544
1.110000 4.602519
1.120000 4.565265
1.130000 4.529236
1.140000 4.495194
1.150000 4.462530
1.160000 4.429853
1.170000 4.396266
1.180000 4.362146
1.190000 4.328755
1.200000 4.297059
1.210000 4.266858
1.220000 4.236994
1.230000 4.206425
1.240000 4.175152
1.250000 4.144180
1.260000 4.114566
1.270000 4.086459
1.280000 4.058981
1.290000 4.031052
1.300000 4.002363
1.310000 3.973628
1.320000 3.945898
1.330000 3.919596
1.340000 3.894144
1.350000 3.868514
1.360000 3.842161
1.370000 3.815504
1.380000 3.789506
1.390000 3.764787
1.400000 3.741062
1.410000 3.717423
1.420000 3.693174
1.430000 3.668450
1.440000 3.644068
1.450000 3.620762
1.460000 3.598518
1.470000 3.576598
1.480000 3.554230
1.490000 3.531302
1.500000 3.508441
1.510000 3.486423
1.520000 3.465461
1.530000 3.445021
1.540000 3.424324
1.550000 3.403056
1.560000 3.381635
1.570000 3.360813
1.580000 3.340978
1.590000 3.321812
1.600000 3.302589
1.610000 3.282847
1.620000 3.262792
1.630000 3.243096
1.640000 3.224270
1.650000 3.206202
1.660000 3.188271
1.670000 3.169920
1.680000 3.151159
1.690000 3.132537
1.700000 3.114631
1.710000 3.097518
1.720000 3.080713
1.730000 3.063620
1.740000 3.046077
1.750000 3.028487
1.760000 3.011439
1.770000 2.995165
1.780000 2.979336
1.790000 2.963372
1.800000 2.946969
1.810000 2.930373
1.820000 2.914138
1.830000 2.898614
1.840000 2.883633
1.850000 2.868670
1.860000 2.853326
1.870000 2.837687
1.880000 2.822233
1.890000 2.807392
1.900000 2.793149
1.910000 2.779069
1.920000 2.764698
1.930000 2.749975
1.940000 2.735280
1.950000 2.721074
1.960000 2.707480
1.970000 2.694173
1.980000 2.680687
1.990000 2.666837
2.000000 2.652882
2.010000 2.639279
2.020000 2.626261
2.030000 2.613629
2.040000 2.600940
2.050000 2.587912
2.060000 2.574679
2.070000 2.561659
2.080000 2.549165
2.090000 2.537122
2.100000 2.525142
2.110000 2.512881
2.120000 2.500351
2.130000 2.487901
2.140000 2.475891
2.150000 2.464364
2.160000 2.453012
2.170000 2.441459
2.180000 2.429608
2.190000 2.417719
2.200000 2.406168
2.210000 2.395099
2.220000 2.384297
2.230000 2.373390
2.240000 2.362189
2.250000 2.350854
2.260000 2.339747
2.270000 2.329090
2.280000 2.318770
2.290000 2.308445
2.300000 2.297858
2.310000 2.287071
2.320000 2.276399
2.330000 2.266121
2.340000 2.256224
2.350000 2.246418
2.360000 2.236406
2.370000 2.226153
2.380000 2.215914
2.390000 2.205993
2.400000 2.196469
2.410000 2.187121
2.420000 2.177641
2.430000 2.167907
2.440000 2.158099
2.450000 2.148523
2.460000 2.139331
2.470000 2.130387
2.480000 2.121391
2.490000 2.112156
2.500000 2.102778
2.510000 2.093540
2.520000 2.084652
2.530000 2.076062
2.540000 2.067501
2.550000 2.058739
2.560000 2.049787
2.570000 2.040886
2.580000 2.032283
2.590000 2.024003
2.600000 2.015831
2.610000 2.007511
2.620000 1.998978
2.630000 1.990417
2.640000 1.982085
2.650000 1.974081
2.660000 1.966253
2.670000 1.958340
2.680000 1.950215
2.690000 1.941995
2.700000 1.933930
2.710000 1.926176
2.720000 1.918648
2.730000 1.911107
2.740000 1.903374
2.750000 1.895495
2.760000 1.887697
2.770000 1.880173
2.780000 1.872910
2.790000 1.865702
2.800000 1.858340
2.810000 1.850803
2.820000 1.843273
2.830000 1.835968
2.840000 1.828939
2.850000 1.822027
2.860000 1.815011
2.870000 1.807810
2.880000 1.800553
2.890000 1.793461
2.900000 1.786641
2.910000 1.779990
2.920000 1.773294
2.930000 1.766419
2.940000 1.759439
2.950000 1.752559
2.960000 1.745930
2.970000 1.739508
2.980000 1.733101
2.990000 1.726540
3.000000 1.719839
3.010000 1.713174
3.020000 1.706724
3.030000 1.700503
3.040000 1.694355
3.050000 1.688091
3.060000 1.681667
3.070000 1.675222
3.080000 1.668945
3.090000 1.662903
3.100000 1.656983
3.110000 1.650995
3.120000 1.644846
3.130000 1.638626
3.140000 1.632520
3.150000 1.626639
3.160000 1.620921
3.170000 1.615185
3.180000 1.609303
3.190000 1.603311
3.200000 1.597378
3.210000 1.591647
3.220000 1.586106
3.230000 1.580598
3.240000 1.574971
3.250000 1.569210
3.260000 1.563455
3.270000 1.557866
3.280000 1.552480
3.290000 1.547176
3.300000 1.541788
3.310000 1.536259
3.320000 1.530687
3.330000 1.525238
3.340000 1.519990
3.350000 1.514866
3.360000 1.509700
3.370000 1.504397
3.380000 1.499014
3.390000 1.493706
3.400000 1.488585
3.410000 1.483617
3.420000 1.478655
3.430000 1.473572
3.440000 1.468381
3.450000 1.463217
3.460000 1.458216
3.470000 1.453386
3.480000 1.448605
3.490000 1.443731
3.500000 1.438735
3.510000 1.433721
3.520000 1.428835
3.530000 1.424127
3.540000 1.419507
3.550000 1.414830
3.560000 1.410027
3.570000 1.405169
3.580000 1.400398
3.590000 1.395800
3.600000 1.391321
3.610000 1.386825
3.620000 1.382212
3.630000 1.377515
3.640000 1.372862
3.650000 1.368365
3.660000 1.364010
3.670000 1.359678
3.680000 1.355249
3.690000 1.350715
3.700000 1.346186
3.710000 1.341785
3.720000 1.337539
3.730000 1.333352
3.740000 1.329097
3.750000 1.324729
3.760000 1.320328
3.770000 1.316023
3.780000 1.311874
3.790000 1.307815
3.800000 1.303722
3.810000 1.299519
3.820000 1.295252
3.830000 1.291044
3.840000 1.286982
3.850000 1.283036
3.860000 1.279091
3.870000 1.275049
3.880000 1.270920
3.890000 1.266814
3.900000 1.262834
3.910000 1.258986
3.920000 1.255174
3.930000 1.251286
3.940000 1.247299
3.950000 1.243300
3.960000 1.239399
3.970000 1.235638
3.980000 1.231947
3.990000 1.228199
4.000000 1.224353
4.010000 1.220462
4.020000 1.216652
4.030000 1.212969
4.040000 1.209373
4.050000 1.205764
4.060000 1.202059
4.070000 1.198288
4.080000 1.194554
4.090000 1.190943
4.100000 1.187442
4.110000 1.183954
4.120000 1.180386
4.130000 1.176734
4.140000 1.173088
4.150000 1.169544
4.160000 1.166122
4.170000 1.162743
4.180000 1.159308
4.190000 1.155779
4.200000 1.152224
4.210000 1.148747
4.220000 1.145394
4.230000 1.142111
4.240000 1.138797
4.250000 1.135392
4.260000 1.131936
4.270000 1.128529
4.280000 1.125239
4.290000 1.122038
4.300000 1.118836
4.310000 1.115553
4.320000 1.112201
4.330000 1.108867
4.340000 1.105637
4.350000 1.102507
4.360000 1.099405
4.370000 1.096237
4.380000 1.092993
4.390000 1.089736
4.400000 1.086561
4.410000 1.083498
4.420000 1.080484
4.430000 1.077429
4.440000 1.074290
4.450000 1.071114
4.460000 1.068000
4.470000 1.064993
4.480000 1.062057
4.490000 1.059105
4.500000 1.056049
4.510000 1.052989
4.520000 1.049932
4.530000 1.046975
4.540000 1.044089
4.550000 1.041246
4.560000 1.038320
4.570000 1.035327
4.580000 1.032349
4.590000 1.029429
4.600000 1.026619
4.610000 1.023842
4.620000 1.021018
4.630000 1.018117
4.640000 1.015195
4.650000 1.012336
4.660000 1.009580
4.670000 1.006877
4.680000 1.004145
4.690000 1.001339
4.700000 0.998492
4.710000 0.995685
4.720000 0.992972
4.730000 0.990333
4.740000 0.987690
4.750000 0.984977
4.760000 0.982208
4.770000 0.979454
4.780000 0.976785
4.790000 0.974202
4.800000 0.971635
4.810000 0.969015
4.820000 0.966327
4.830000 0.963632
4.840000 0.961004
4.850000 0.958469
4.860000 0.955972
4.870000 0.953437
4.880000 0.950832
4.890000 0.948201
4.900000 0.945613
4.910000 0.943121
4.920000 0.940686
4.930000 0.938230
4.940000 0.935710
4.950000 0.933147
4.960000 0.930607
4.970000 0.928150
4.980000 0.925763
4.990000 0.923385
5.000000 0.920948
5.010000 0.918452
5.020000 0.915963
5.030000 0.913542
5.040000 0.911202
5.050000 0.908888
5.060000 0.906530
5.070000 0.904108
5.080000 0.901671
5.090000 0.899285
5.100000 0.896982
5.110000 0.894724
5.120000 0.892443
5.130000 0.890096
5.140000 0.887718
5.150000 0.885368
5.160000 0.883103
5.170000 0.880896
5.180000 0.878681
5.190000 0.876409
5.200000 0.874091
5.210000 0.871784
5.220000 0.869549
5.230000 0.867384
5.240000 0.865232
5.250000 0.863032
5.260000 0.860777
5.270000 0.858516
5.280000 0.856313
5.290000 0.854182
5.300000 0.852085
5.310000 0.849957
5.320000 0.847767
5.330000 0.845553
5.340000 0.843380
5.350000 0.841283
5.360000 0.839236
5.370000 0.837170
5.380000 0.835045
5.390000 0.832886
5.400000 0.830749
5.410000 0.828683
5.420000 0.826671
5.430000 0.824663
5.440000 0.822606
5.450000 0.820505
5.460000 0.818404
5.470000 0.816363
5.480000 0.814399
5.490000 0.812437
5.500000 0.810440
5.510000 0.808394
5.520000 0.806337
5.530000 0.804321
5.540000 0.802379
5.550000 0.800450
5.560000 0.798538
5.570000 0.796550
5.580000 0.794537
5.590000 0.792550
5.600000 0.790632
5.610000 0.788763
5.620000 0.786921
5.630000 0.784922
5.640000 0.783051
5.650000 0.781028
5.660000 0.779145
5.670000 0.777310
5.680000 0.775497
5.690000 0.773594
5.700000 0.771703
5.710000 0.769742
5.720000 0.767910
5.730000 0.766108
5.740000 0.764324
5.750000 0.762469
5.760000 0.760659
5.770000 0.758764
5.780000 0.756939
5.790000 0.755152
5.800000 0.753401
5.810000 0.751582
5.820000 0.749842
5.830000 0.748050
5.840000 0.746172
5.850000 0.744413
5.860000 0.742696
5.870000 0.740988
5.880000 0.739235
5.890000 0.737447
5.900000 0.735668
5.910000 0.733917
5.920000 0.732243
5.930000 0.730555
5.940000 0.728869
5.950000 0.727109
5.960000 0.725354
5.970000 0.723667
5.980000 0.721974
5.990000 0.720400
6.000000 0.718740
6.010000 0.717000
6.020000 0.715275
6.030000 0.713526
6.040000 0.711897
6.050000 0.710337
6.060000 0.708718
6.070000 0.707040
6.080000 0.705393
6.090000 0.703724
6.100000 0.702040
6.110000 0.700548
6.120000 0.698966
6.130000 0.697366
6.140000 0.695725
6.150000 0.694078
6.160000 0.692517
6.170000 0.690927
6.180000 0.689397
6.190000 0.687846
6.200000 0.686180
6.210000 0.684659
6.220000 0.683045
6.230000 0.681513
6.240000 0.680017
6.250000 0.678507
6.260000 0.676954
6.270000 0.675381
6.280000 0.673786
6.290000 0.672293
6.300000 0.670760
6.310000 0.669351
6.320000 0.667852
6.330000 0.666307
6.340000 0.664747
6.350000 0.663266
6.360000 0.661813
6.370000 0.660320
6.380000 0.658932
6.390000 0.657401
6.400000 0.655931
6.410000 0.654405
6.420000 0.652976
6.430000 0.651485
6.440000 0.650146
6.450000 0.648676
6.460000 0.647117
6.470000 0.645701
6.480000 0.644776
6.490000 0.642934
6.500000 0.641452
6.510000 0.640116
6.520000 0.638662
6.530000 0.637260
6.540000 0.635765
6.550000 0.634463
6.560000 0.633088
6.570000 0.631713
6.580000 0.630313
6.590000 0.628884
6.600000 0.627383
6.610000 0.626139
6.620000 0.624843
6.630000 0.623482
6.640000 0.622047
6.650000 0.620704
6.660000 0.619275
6.670000 0.618016
6.680000 0.616647
6.690000 0.615425
6.700000 0.614157
6.710000 0.612762
6.720000 0.611339
6.730000 0.609787
6.740000 0.608744
6.750000 0.607500
6.760000 0.606162
6.770000 0.604651
6.780000 0.603527
6.790000 0.602171
6.800000 0.600999
6.810000 0.599788
6.820000 0.598228
6.830000 0.597004
6.840000 0.595806
6.850000 0.594478
6.860000 0.593215
6.870000 0.591998
6.880000 0.590716
6.890000 0.589444
6.900000 0.588207
6.910000 0.586979
6.920000 0.585721
6.930000 0.584567
6.940000 0.583304
6.950000 0.582071
6.960000 0.580690
6.970000 0.579488
6.980000 0.578346
6.990000 0.577152
7.000000 0.576000
7.010000 0.574748
7.020000 0.573595
7.030000 0.572280
7.040000 0.571072
7.050000 0.569900
7.060000 0.568741
7.070000 0.567405
7.080000 0.566334
7.090000 0.565152
7.100000 0.563954
7.110000 0.562691
7.120000 0.561658
7.130000 0.560471
7.140000 0.559309
7.150000 0.558095
7.160000 0.557003
7.170000 0.555864
7.180000 0.554821
7.190000 0.553527
7.200000 0.552441
7.210000 0.551507
7.220000 0.550053
7.230000 0.549125
7.240000 0.547931
7.250000 0.546674
7.260000 0.545556
7.270000 0.544459
7.280000 0.543631
7.290000 0.542178
7.300000 0.541301
7.310000 0.540095
7.320000 0.538855
7.330000 0.538034
7.340000 0.536436
7.350000 0.535757
7.360000 0.534590
7.370000 0.533361
7.380000 0.532616
7.390000 0.531127
7.400000 0.530413
7.410000 0.529388
7.420000 0.527883
7.430000 0.527062
7.440000 0.526103
7.450000 0.524869
7.460000 0.523977
7.470000 0.522848
7.480000 0.521635
7.490000 0.520729
7.500000 0.519569
7.510000 0.518855
7.520000 0.517513
7.530000 0.516547
7.540000 0.515496
7.550000 0.514676
7.560000 0.513474
7.570000 0.512462
7.580000 0.511275
7.590000 0.510355
7.600000 0.509134
7.610000 0.508269
7.620000 0.507496
7.630000 0.506162
7.640000 0.505706
7.650000 0.504304
7.660000 0.503177
7.670000 0.502629
7.680000 0.501267
7.690000 0.500282
7.700000 0.499347
7.710000 0.498479
7.720000 0.497266
7.730000 0.496465
7.740000 0.495401
7.750000 0.494615
7.760000 0.493796
7.770000 0.492639
7.780000 0.491483
7.790000 0.490331
7.800000 0.489762
7.810000 0.488934
7.820000 0.487877
7.830000 0.487133
7.840000 0.486355
7.850000 0.485134
7.860000 0.483825
7.870000 0.482725
7.880000 0.481518
7.890000 0.481011
7.900000 0.480613
7.910000 0.479721
7.920000 0.478683
7.930000 0.477435
7.940000 0.475990
7.950000 0.475032
7.960000 0.474134
7.970000 0.473966
7.980000 0.473946
7.990000 0.473000
8.000000 0.471583
8.010000 0.469744
8.020000 0.468075
8.030000 0.467133
8.040000 0.467177
8.050000 0.466974
8.060000 0.466402
8.070000 0.465310
8.080000 0.463169
8.090000 0.462069
8.100000 0.460941
8.110000 0.460455
8.120000 0.461194
8.130000 0.460053
8.140000 0.459010
8.150000 0.457730
8.160000 0.456541
8.170000 0.455559
8.180000 0.454637
8.190000 0.454386
8.200000 0.453602
8.210000 0.452666
8.220000 0.451676
8.230000 0.450967
8.240000 0.449657
8.250000 0.449148
8.260000 0.448659
8.270000 0.447734
8.280000 0.446471
8.290000 0.445988
8.300000 0.444926
8.310000 0.443745
8.320000 0.443183
8.330000 0.442119
8.340000 0.441876
8.350000 0.440251
8.360000 0.440011
8.370000 0.439357
8.380000 0.438011
8.390000 0.437687
8.400000 0.436497
8.410000 0.435680
8.420000 0.434854
8.430000 0.434094
8.440000 0.433789
8.450000 0.432802
8.460000 0.431796
8.470000 0.431435
8.480000 0.430327
8.490000 0.429639
8.500000 0.428884
8.510000 0.428314
8.520000 0.426597
8.530000 0.426213
8.540000 0.425447
8.550000 0.424154
8.560000 0.423969
8.570000 0.423374
8.580000 0.422115
8.590000 0.421536
8.600000 0.421054
8.610000 0.420139
8.620000 0.418614
8.630000 0.417387
8.640000 0.417799
8.650000 0.416652
8.660000 0.416350
8.670000 0.415526
8.680000 0.414643
8.690000 0.414046
8.700000 0.413779
8.710000 0.412360
8.720000 0.411607
8.730000 0.408948
8.740000 0.410288
8.750000 0.409411
8.760000 0.408744
8.770000 0.407466
8.780000 0.408126
8.790000 0.406900
8.800000 0.405706
8.810000 0.405489
8.820000 0.404368
8.830000 0.403580
8.840000 0.402822
8.850000 0.401711
8.860000 0.401329
8.870000 0.400557
8.880000 0.400525
8.890000 0.399328
8.900000 0.398358
8.910000 0.397949
8.920000 0.396370
8.930000 0.396842
8.940000 0.395892
8.950000 0.394832
8.960000 0.394407
8.970000 0.393866
8.980000 0.392771
8.990000 0.392344
9.000000 0.391406
9.010000 0.390318
9.020000 0.390471
9.030000 0.389098
9.040000 0.388537
9.050000 0.388164
9.060000 0.387117
9.070000 0.386435
9.080000 0.385740
9.090000 0.385292
9.100000 0.384243
9.110000 0.383718
9.120000 0.382591
9.130000 0.382410
9.140000 0.381731
9.150000 0.381539
9.160000 0.380806
9.170000 0.379248
9.180000 0.379380
9.190000 0.378096
9.200000 0.377519
9.210000 0.377062
9.220000 0.376802
9.230000 0.375799
9.240000 0.375336
9.250000 0.374469
9.260000 0.373825
9.270000 0.373183
9.280000 0.372414
9.290000 0.371660
9.300000 0.371259
9.310000 0.370955
9.320000 0.369675
9.330000 0.370546
9.340000 0.368515
9.350000 0.367699
9.360000 0.367256
9.370000 0.366546
9.380000 0.365638
9.390000 0.365372
9.400000 0.364561
9.410000 0.364250
9.420000 0.363536
9.430000 0.362512
9.440000 0.362632
9.450000 0.361788
9.460000 0.360958
9.470000 0.360282
9.480000 0.359781
9.490000 0.358903
9.500000 0.358711
9.510000 0.358071
9.520000 0.357259
9.530000 0.356827
9.540000 0.356140
9.550000 0.355292
9.560000 0.355092
9.570000 0.354583
9.580000 0.353891
9.590000 0.353356
9.600000 0.352676
9.610000 0.351712
9.620000 0.350930
9.630000 0.350359
9.640000 0.349878
9.650000 0.349234
9.660000 0.348677
9.670000 0.348721
9.680000 0.346270
9.690000 0.347464
9.700000 0.346420
9.710000 0.345691
9.720000 0.345946
9.730000 0.344321
9.740000 0.344652
9.750000 0.343230
9.760000 0.342635
9.770000 0.342432
9.780000 0.342113
9.790000 0.341276
9.800000 0.340747
9.810000 0.340505
9.820000 0.340581
9.830000 0.339356
9.840000 0.338163
9.850000 0.338184
9.860000 0.336814
9.870000 0.337036
9.880000 0.336062
9.890000 0.336608
9.900000 0.335751
9.910000 0.334074
9.920000 0.333728
9.930000 0.332932
9.940000 0.332114
9.950000 0.332263
9.960000 0.332695
9.970000 0.331187
9.980000 0.331053
9.990000 0.329852
10.000000 0.329157
11.000000 0.280666
12.000000 0.240060
13.000000 0.209468
14.000000 0.181163
15.000000 0.159808
16.000000 0.140329
17.000000 0.125546
18.000000 0.110522
19.000000 0.099512
20.000000 0.088007
21.000000 0.079429
22.000000 0.070761
23.000000 0.065662
24.000000 0.057483
25.000000 0.054082
26.000000 0.049773
27.000000 0.044204
28.000000 0.041205
29.000000 0.037031
30.000000 0.034295
31.000000 0.031330
32.000000 0.028890
33.000000 0.027189
34.000000 0.025879
35.000000 0.022065
36.000000 0.020374
37.000000 0.018777
38.000000 0.018069
39.000000 0.017269
40.000000 0.014706
41.000000 0.015870
42.000000 0.012919
43.000000 0.011515
44.000000 0.010712
45.000000 0.011039
46.000000 0.010519
47.000000 0.009455
48.000000 0.007137
49.000000 0.008317
50.000000 0.008174
51.000000 0.007195
52.000000 0.008100
53.000000 0.006431
54.000000 0.004949
55.000000 0.005042
56.000000 0.004383
57.000000 0.004718
58.000000 0.004899
59.000000 0.004489
60.000000 0.004134
61.000000 0.003569
62.000000 0.003886
63.000000 0.003603
64.000000 0.003856
65.000000 0.001504
66.000000 0.002881
67.000000 0.003138
68.000000 0.003188
69.000000 0.001884
70.000000 0.001322
71.000000 0.001051
72.000000 0.001967
73.000000 0.001202
74.000000 0.001637
75.000000 0.001859
76.000000 0.001542
77.000000 0.000884
78.000000 0.001127
79.000000 0.001616
80.000000 0.000334
81.000000 0.000646
82.000000 0.002055
83.000000 0.001657
84.000000 0.000588
85.000000 0.001306
86.000000 0.000921
87.000000 0.000398
88.000000 0.000421
89.000000 0.000327
90.000000 0.000873
91.000000 0.000365
92.000000 0.001563
93.000000 0.000107
94.000000 0.000369
95.000000 0.000913
96.000000 0.000587
97.000000 0.002877
98.000000 0.001688
99.000000 0.001073
100.000000 0.002098
101.000000 0.001812
102.000000 0.002220
103.000000 0.002026
104.000000 0.001851
105.000000 -0.000136
106.000000 0.001466
107.000000 0.000952
108.000000 0.000938
109.000000 0.000891
110.000000 0.000148
111.000000 0.001210
112.000000 0.000826
113.000000 0.000413
114.000000 -0.000174
115.000000 0.001532
116.000000 0.000164
117.000000 0.000701
118.000000 0.000456
119.000000 -0.000198
120.000000 0.000174
121.000000 -0.000406
122.000000 0.000450
123.000000 -0.000230
124.000000 0.000182
125.000000 0.000211
126.000000 -0.000323
127.000000 -0.000583
128.000000 0.000111
129.000000 0.000503
130.000000 -0.000975
131.000000 0.000222
132.000000 -0.000309
133.000000 -0.000809
134.000000 0.000656
135.000000 -0.000405
136.000000 -0.000096
137.000000 -0.001644
138.000000 -0.000607
139.000000 -0.000717
140.000000 -0.000205
141.000000 -0.001318
142.000000 -0.000678
143.000000 -0.001001
144.000000 -0.000396
145.000000 -0.001447
146.000000 -0.000102
147.000000 0.000147
148.000000 -0.000344
149.000000 0.000471
150.000000 -0.000318
151.000000 -0.000073
152.000000 -0.000999
153.000000 -0.000138
154.000000 -0.000314
155.000000 -0.000274
156.000000 -0.000050
157.000000 0.000562
158.000000 0.000089
159.000000 0.000404
160.000000 -0.000707
161.000000 -0.000672
162.000000 0.000558
163.000000 -0.000374
164.000000 0.000089
165.000000 -0.000525
166.000000 0.000363
167.000000 -0.000096
168.000000 -0.000565
169.000000 0.000439
170.000000 -0.000419
171.000000 -0.000904
172.000000 -0.000355
173.000000 -0.000027
174.000000 -0.000236
175.000000 -0.000747
176.000000 0.000121
177.000000 -0.003429
178.000000 -0.000466
179.000000 0.000493
180.000000 -0.000099
181.000000 0.000943
182.000000 0.000012
183.000000 -0.000573
184.000000 0.000359
185.000000 -0.000654
186.000000 -0.000217
187.000000 -0.000348
188.000000 -0.001012
189.000000 -0.000212
190.000000 -0.000696
191.000000 0.000022
192.000000 -0.001992
193.000000 -0.002096
194.000000 0.001417
195.000000 -0.000032
196.000000 -0.000730
197.000000 -0.000487
198.000000 -0.000286
199.000000 -0.000463
200.000000 0.000109
201.000000 0.000487
202.000000 -0.000188
203.000000 -0.000385
204.000000 0.000523
205.000000 -0.000463
206.000000 -0.000265
207.000000 -0.000337
208.000000 0.000305
209.000000 -0.002007
210.000000 -0.000599
211.000000 -0.000485
212.000000 -0.000068
213.000000 0.000117
214.000000 -0.000002
215.000000 -0.000030
216.000000 0.000316
217.000000 -0.000326
218.000000 -0.000470
219.000000 -0.000202
220.000000 0.000033
221.000000 0.000329
222.000000 -0.000417
223.000000 -0.000340
224.000000 -0.000779
225.000000 -0.001309
226.000000 0.000397
227.000000 0.000183
228.000000 0.000038
229.000000 -0.001132
230.000000 0.000278
231.000000 -0.000046
232.000000 0.000176
233.000000 -0.000538
234.000000 0.000727
235.000000 -0.000090
236.000000 -0.000277
237.000000 -0.000138
238.000000 -0.000299
239.000000 -0.000391
240.000000 0.000046
241.000000 -0.000612
242.000000 0.000077
243.000000 -0.000093
244.000000 0.000024
245.000000 0.000174
246.000000 -0.000264
247.000000 0.000040
248.000000 0.000036
249.000000 -0.000236
250.000000 0.000158
251.000000 0.000213
252.000000 -0.000109
253.000000 -0.000444
254.000000 0.000006
255.000000 0.000769
256.000000 -0.000089
257.000000 -0.001807
258.000000 0.000386
259.000000 -0.000697
260.000000 -0.000938
261.000000 0.000316
262.000000 0.000873
263.000000 -0.000763
264.000000 -0.000179
265.000000 -0.000104
266.000000 -0.000146
267.000000 -0.000419
268.000000 -0.000135
269.000000 0.000303
270.000000 -0.000306
271.000000 0.000211
272.000000 -0.000523
273.000000 -0.000343
274.000000 -0.000803
275.000000 0.000494
276.000000 -0.001407
277.000000 0.000619
278.000000 -0.000733
279.000000 -0.000369
280.000000 -0.000138
281.000000 -0.000012
282.000000 -0.000388
283.000000 0.000292
284.000000 -0.000082
285.000000 0.000616
286.000000 -0.000540
287.000000 0.000127
288.000000 -0.000120
289.000000 0.000758
290.000000 -0.000571
291.000000 -0.000404
292.000000 0.000490
293.000000 0.000247
294.000000 0.000389
295.000000 0.000349
296.000000 0.000197
297.000000 0.000029
298.000000 0.000329
299.000000 0.000080
300.000000 -0.000151
301.000000 -0.000079
302.000000 0.000158
303.000000 -0.000135
304.000000 -0.000307
305.000000 0.000039
306.000000 0.000006
307.000000 0.000247
308.000000 0.000357
309.000000 -0.000057
310.000000 0.000581
311.000000 0.000445
312.000000 -0.000073
313.000000 -0.000196
314.000000 0.000822
315.000000 0.000286
316.000000 0.000103
317.000000 0.000071
318.000000 0.000067
319.000000 -0.000244
320.000000 -0.001167
321.000000 0.000330
322.000000 -0.000647
323.000000 0.000073
324.000000 0.000148
325.000000 0.000276
326.000000 -0.000103
327.000000 -0.000583
328.000000 -0.000100
329.000000 0.000175
330.000000 0.000130
331.000000 0.000011
332.000000 0.000385
333.000000 0.000100
334.000000 -0.000404
335.000000 0.000236
336.000000 0.000153
337.000000 -0.000374
338.000000 -0.000060
339.000000 -0.000288
340.000000 -0.000561
341.000000 0.000331
342.000000 -0.000752
343.000000 -0.000531
344.000000 -0.000329
345.000000 0.000141
346.000000 -0.000471
347.000000 0.000514
348.000000 0.000676
349.000000 -0.000117
350.000000 0.000260
351.000000 0.000266
352.000000 -0.000430
353.000000 0.000030
354.000000 -0.002127
355.000000 0.000467
356.000000 0.000044
357.000000 0.000274
358.000000 0.000302
359.000000 -0.000383
360.000000 0.000237
361.000000 -0.000105
362.000000 0.000051
363.000000 0.000036
364.000000 -0.000580
365.000000 0.000039
366.000000 -0.000032
367.000000 -0.000394
368.000000 0.000680
369.000000 -0.000450
370.000000 -0.000189
371.000000 -0.000289
372.000000 -0.000410
373.000000 0.000491
374.000000 0.000334
375.000000 -0.000027
376.000000 -0.000411
377.000000 -0.000383
378.000000 -0.000071
379.000000 0.000621
380.000000 -0.000475
381.000000 -0.000844
382.000000 -0.000076
383.000000 0.000070
384.000000 -0.001175
385.000000 0.001159
386.000000 -0.001612
387.000000 -0.000120
388.000000 0.000773
389.000000 -0.000151
390.000000 0.000192
391.000000 -0.000163
392.000000 -0.000014
393.000000 0.000013
394.000000 -0.000160
395.000000 0.000180
396.000000 -0.000513
397.000000 -0.000080
398.000000 -0.000560
399.000000 -0.000072
400.000000 0.000103
401.000000 0.000040
402.000000 -0.000217
403.000000 0.000135
404.000000 -0.000378
405.000000 -0.000116
406.000000 -0.000423
407.000000 0.000324
408.000000 -0.000121
409.000000 -0.000078
410.000000 -0.000107
411.000000 -0.000293
412.000000 -0.000043
413.000000 -0.000435
414.000000 0.000381
415.000000 0.000150
416.000000 0.000012
417.000000 -0.000296
418.000000 -0.001095
419.000000 -0.000541
420.000000 -0.000870
421.000000 0.000369
422.000000 0.000064
423.000000 0.000036
424.000000 -0.000149
425.000000 -0.000176
426.000000 0.000251
427.000000 -0.000045
428.000000 -0.000075
429.000000 -0.000318
430.000000 -0.000125
431.000000 -0.000218
432.000000 -0.000033
433.000000 0.000024
434.000000 -0.000242
435.000000 0.000472
436.000000 -0.000063
437.000000 -0.000112
438.000000 0.000316
439.000000 -0.000154
440.000000 -0.000290
441.000000 -0.000052
442.000000 0.000123
443.000000 -0.000136
444.000000 -0.000121
445.000000 -0.000090
446.000000 -0.000095
447.000000 -0.000215
448.000000 -0.000270
449.000000 0.000625
450.000000 -0.001249
451.000000 0.000094
452.000000 -0.000322
453.000000 -0.000135
454.000000 0.000074
455.000000 -0.000015
456.000000 0.000110
457.000000 -0.000246
458.000000 -0.000430
459.000000 0.000176
460.000000 0.000781
461.000000 -0.000180
462.000000 0.000038
463.000000 0.000002
464.000000 -0.000064
465.000000 0.000317
466.000000 -0.000376
467.000000 -0.000469
468.000000 0.000530
469.000000 -0.000299
470.000000 -0.000061
471.000000 -0.000025
472.000000 -0.000303
473.000000 -0.000194
474.000000 -0.000037
475.000000 0.000509
476.000000 -0.000056
477.000000 0.000248
478.000000 0.000032
479.000000 0.000050
480.000000 -0.000084
481.000000 0.000044
482.000000 0.000477
483.000000 -0.000241
484.000000 0.000249
485.000000 -0.000104
486.000000 0.000070
487.000000 -0.000158
488.000000 0.000023
489.000000 -0.000335
490.000000 0.000093
491.000000 -0.000160
492.000000 -0.000010
493.000000 -0.000001
494.000000 0.000221
495.000000 0.000340
496.000000 0.000362
497.000000 0.000066
498.000000 -0.000418
499.000000 -0.001087
500.000000 0.000065
501.000000 -0.000036
502.000000 -0.000069
503.000000 0.000293
504.000000 0.000077
505.000000 -0.000153
506.000000 -0.000119
507.000000 -0.000133
508.000000 -0.000474
509.000000 0.000245
510.000000 0.000096
511.000000 0.000548
512.000000 0.000018
513.000000 -0.000420
514.000000 -0.001443
515.000000 0.001431
516.000000 0.000291
517.000000 -0.000126
518.000000 -0.000483
519.000000 0.000056
520.000000 -0.000557
521.000000 0.000156
522.000000 0.000756
523.000000 -0.000337
524.000000 0.000427
525.000000 0.000117
526.000000 -0.000528
527.000000 -0.000116
528.000000 0.000021
529.000000 -0.000260
530.000000 -0.000263
531.000000 0.000366
532.000000 -0.000262
533.000000 -0.000074
534.000000 -0.000206
535.000000 -0.000550
536.000000 0.000041
537.000000 0.000297
538.000000 0.000438
539.000000 -0.000461
540.000000 -0.000286
541.000000 -0.000645
542.000000 -0.000407
543.000000 -0.000277
544.000000 0.000103
545.000000 0.000041
546.000000 0.000815
547.000000 0.000073
548.000000 -0.000162
549.000000 0.000477
550.000000 -0.000177
551.000000 0.000126
552.000000 0.000009
553.000000 0.000139
554.000000 -0.000369
555.000000 0.000340
556.000000 -0.000432
557.000000 0.000265
558.000000 -0.000407
559.000000 -0.000617
560.000000 0.000038
561.000000 -0.000077
562.000000 0.000271
563.000000 0.001245
564.000000 -0.000080
565.000000 0.000025
566.000000 0.000308
567.000000 0.000112
568.000000 -0.000523
569.000000 0.000052
570.000000 -0.000066
571.000000 0.000024
572.000000 0.000321
573.000000 -0.000134
574.000000 0.000344
575.000000 -0.000669
576.000000 -0.000254
577.000000 -0.000300
578.000000 0.000486
579.000000 -0.001039
580.000000 -0.000528
581.000000 0.000633
582.000000 -0.000290
583.000000 -0.000213
584.000000 -0.000191
585.000000 0.000383
586.000000 0.000339
587.000000 0.000191
588.000000 0.000320
589.000000 -0.000388
590.000000 -0.000070
591.000000 0.000236
592.000000 0.000253
593.000000 0.000232
594.000000 -0.000279
595.000000 -0.000156
596.000000 0.000213
597.000000 0.000405
598.000000 0.000224
599.000000 -0.000136
600.000000 0.000102
601.000000 -0.000126
602.000000 -0.000078
603.000000 -0.000222
604.000000 0.000134
605.000000 0.000047
606.000000 -0.000031
607.000000 0.000149
608.000000 0.000106
609.000000 -0.000172
610.000000 0.000070
611.000000 -0.000237
612.000000 -0.000110
613.000000 0.000002
614.000000 -0.000220
615.000000 -0.000382
616.000000 -0.000083
617.000000 0.000198
618.000000 -0.000211
619.000000 -0.000123
620.000000 0.000216
621.000000 -0.000140
622.000000 0.000159
623.000000 -0.000078
624.000000 -0.000014
625.000000 -0.000195
626.000000 0.000035
627.000000 0.000750
628.000000 0.000528
629.000000 -0.000372
630.000000 0.000203
631.000000 -0.000136
632.000000 0.000090
633.000000 0.000006
634.000000 0.000141
635.000000 -0.000010
636.000000 0.000047
637.000000 0.000260
638.000000 -0.000141
639.000000 -0.000062
640.000000 -0.000630
641.000000 -0.000338
642.000000 -0.000117
643.000000 0.000042
644.000000 -0.000778
645.000000 0.000034
646.000000 -0.000193
647.000000 0.000349
648.000000 -0.000102
649.000000 0.000095
650.000000 0.000277
651.000000 0.000212
652.000000 -0.000071
653.000000 -0.000101
654.000000 -0.000167
655.000000 -0.000114
656.000000 0.000128
657.000000 -0.000185
658.000000 0.000147
659.000000 0.000193
660.000000 -0.000261
661.000000 0.000252
662.000000 0.000153
663.000000 0.000022
664.000000 0.000313
665.000000 0.000496
666.000000 -0.000049
667.000000 -0.000100
668.000000 -0.000169
669.000000 -0.000309
670.000000 0.000103
671.000000 0.000284
672.000000 -0.000054
673.000000 -0.000294
674.000000 -0.000268
675.000000 0.000008
676.000000 -0.000241
677.000000 -0.000642
678.000000 -0.000528
679.000000 0.000159
680.000000 -0.000002
681.000000 0.000464
682.000000 0.000162
683.000000 0.000459
684.000000 -0.000181
685.000000 0.000391
686.000000 -0.000289
687.000000 0.000446
688.000000 0.000657
689.000000 -0.000442
690.000000 0.000504
691.000000 -0.000080
692.000000 -0.000055
693.000000 -0.000219
694.000000 0.000333
695.000000 0.000170
696.000000 0.000269
697.000000 -0.000114
698.000000 0.000396
699.000000 -0.000086
700.000000 0.000205
701.000000 -0.000131
702.000000 -0.000062
703.000000 0.000167
704.000000 -0.000298
705.000000 0.000206
706.000000 0.000242
707.000000 0.000634
708.000000 -0.001534
709.000000 0.000729
710.000000 -0.000154
711.000000 -0.000132
712.000000 0.000038
713.000000 0.000443
714.000000 0.000186
715.000000 -0.000337
716.000000 -0.000147
717.000000 -0.000053
718.000000 0.000030
719.000000 0.000184
720.000000 0.000075
721.000000 0.000333
722.000000 0.000152
723.000000 -0.000049
724.000000 -0.000096
725.000000 -0.000653
726.000000 -0.000445
727.000000 -0.000159
728.000000 -0.000191
729.000000 -0.000462
730.000000 -0.000351
731.000000 -0.000045
732.000000 -0.000137
733.000000 -0.000175
734.000000 -0.000083
735.000000 0.000093
736.000000 0.000042
737.000000 0.000330
738.000000 -0.000251
739.000000 -0.000011
740.000000 -0.000103
741.000000 0.000123
742.000000 -0.000605
743.000000 -0.000032
744.000000 -0.000020
745.000000 -0.000303
746.000000 0.000209
747.000000 0.000094
748.000000 0.000143
749.000000 -0.000354
750.000000 0.000397
751.000000 0.000037
752.000000 -0.000152
753.000000 -0.000273
754.000000 0.000125
755.000000 -0.000053
756.000000 0.000180
757.000000 0.000169
758.000000 0.000102
759.000000 0.000312
760.000000 0.000166
761.000000 0.000124
762.000000 -0.000635
763.000000 -0.000096
764.000000 -0.000461
765.000000 0.000375
766.000000 -0.000038
767.000000 -0.000276
768.000000 -0.000607
769.000000 0.000223
770.000000 0.000611
771.000000 -0.000270
772.000000 -0.001226
773.000000 -0.000677
774.000000 -0.000309
775.000000 -0.000146
776.000000 0.000660
777.000000 0.000113
778.000000 -0.000373
779.000000 0.000123
780.000000 -0.000015
781.000000 0.000062
782.000000 -0.000225
783.000000 -0.000065
784.000000 0.000262
785.000000 -0.000366
786.000000 0.000226
787.000000 -0.000095
788.000000 0.000069
789.000000 -0.000225
790.000000 0.000076
791.000000 0.000119
792.000000 -0.000281
793.000000 0.000333
794.000000 0.000088
795.000000 0.000406
796.000000 -0.000269
797.000000 -0.000242
798.000000 -0.000416
799.000000 -0.000002
800.000000 0.000122
801.000000 0.000010
802.000000 0.000073
803.000000 -0.000120
804.000000 0.000124
805.000000 -0.000137
806.000000 -0.000067
807.000000 -0.000163
808.000000 -0.000078
809.000000 0.000092
810.000000 -0.000125
811.000000 -0.000072
812.000000 -0.000169
813.000000 -0.000114
814.000000 -0.000055
815.000000 0.000092
816.000000 -0.000394
817.000000 -0.000005
818.000000 -0.000377
819.000000 -0.000036
820.000000 0.000318
821.000000 0.000111
822.000000 -0.000315
823.000000 0.000106
824.000000 -0.000040
825.000000 -0.000007
826.000000 -0.000265
827.000000 -0.000110
828.000000 0.000085
829.000000 -0.000155
830.000000 -0.000095
831.000000 0.000234
832.000000 -0.000224
833.000000 -0.000032
834.000000 -0.000318
835.000000 0.000015
836.000000 -0.000849
837.000000 0.000716
838.000000 -0.000205
839.000000 -0.000098
840.000000 -0.000366
841.000000 -0.000166
842.000000 -0.000080
843.000000 0.000012
844.000000 -0.000020
845.000000 0.000450
846.000000 0.000220
847.000000 -0.000046
848.000000 0.000122
849.000000 -0.000196
850.000000 -0.000201
851.000000 0.000205
852.000000 0.000017
853.000000 0.000301
854.000000 -0.000314
855.000000 -0.000211
856.000000 0.000106
857.000000 0.000021
858.000000 -0.000109
859.000000 0.000043
860.000000 0.000222
861.000000 0.000166
862.000000 -0.000262
863.000000 -0.000037
864.000000 -0.000231
865.000000 -0.000276
866.000000 -0.000286
867.000000 -0.000006
868.000000 -0.000023
869.000000 -0.000031
870.000000 0.000063
871.000000 -0.000318
872.000000 0.000109
873.000000 -0.000049
874.000000 0.000080
875.000000 -0.000123
876.000000 0.000206
877.000000 0.000012
878.000000 -0.000054
879.000000 0.000163
880.000000 0.000079
881.000000 -0.000059
882.000000 0.000044
883.000000 -0.000127
884.000000 -0.000086
885.000000 -0.000388
886.000000 0.000054
887.000000 -0.000137
888.000000 0.000078
889.000000 0.000018
890.000000 0.000162
891.000000 -0.000199
892.000000 -0.000094
893.000000 -0.000028
894.000000 0.000192
895.000000 0.000031
896.000000 -0.000144
897.000000 0.000146
898.000000 0.000175
899.000000 0.000289
900.000000 -0.000429
901.000000 0.001413
902.000000 0.000069
903.000000 -0.000181
904.000000 0.000072
905.000000 -0.000015
906.000000 0.000049
907.000000 0.000157
908.000000 -0.000115
909.000000 -0.000397
910.000000 -0.000504
911.000000 0.000284
912.000000 -0.000052
913.000000 0.000154
914.000000 -0.000002
915.000000 0.000150
916.000000 -0.000374
917.000000 -0.000413
918.000000 0.000037
919.000000 0.000079
920.000000 -0.000051
921.000000 -0.000159
922.000000 -0.000206
923.000000 0.000065
924.000000 0.000179
925.000000 -0.000275
926.000000 0.000109
927.000000 0.000216
928.000000 0.000097
929.000000 -0.000339
930.000000 0.000194
931.000000 -0.000108
932.000000 -0.000228
933.000000 0.000959
934.000000 -0.000513
935.000000 0.000166
936.000000 0.000108
937.000000 0.000126
938.000000 0.000180
939.000000 0.000101
940.000000 -0.000044
941.000000 0.000399
942.000000 -0.000034
943.000000 -0.000086
944.000000 -0.000213
945.000000 -0.000077
946.000000 0.000076
947.000000 -0.000098
948.000000 0.000047
949.000000 -0.000167
950.000000 0.000454
951.000000 -0.000170
952.000000 -0.000088
953.000000 0.000097
954.000000 -0.000022
955.000000 -0.000040
956.000000 0.000088
957.000000 -0.000589
958.000000 0.000068
959.000000 -0.000080
960.000000 -0.000174
961.000000 -0.000491
962.000000 0.000058
963.000000 -0.000064
964.000000 -0.000027
965.000000 -0.000371
966.000000 -0.000217
967.000000 0.000324
968.000000 -0.000021
969.000000 0.000263
970.000000 -0.000003
971.000000 -0.000064
972.000000 -0.000021
973.000000 0.000365
974.000000 -0.000057
975.000000 -0.000095
976.000000 0.000158
977.000000 0.000123
978.000000 -0.000138
979.000000 0.000047
980.000000 0.000004
981.000000 -0.000127
982.000000 0.000025
983.000000 0.000083
984.000000 -0.000075
985.000000 -0.000015
986.000000 -0.000005
987.000000 -0.000103
988.000000 0.000085
989.000000 -0.000129
990.000000 -0.000073
991.000000 -0.000076
992.000000 0.000126
993.000000 0.000077
994.000000 0.000131
995.000000 -0.000232
996.000000 -0.000513
997.000000 0.000254
998.000000 -0.000395
999.000000 -0.000107
1000.000000 0.000095
1001.000000 -0.000026
1002.000000 0.000243
1003.000000 -0.000104
1004.000000 -0.000299
1005.000000 0.000009
1006.000000 0.000156
1007.000000 -0.000239
1008.000000 0.000160
1009.000000 -0.000254
1010.000000 -0.000120
1011.000000 -0.000166
1012.000000 -0.000055
1013.000000 0.000035
1014.000000 0.000122
1015.000000 -0.000008
1016.000000 -0.000086
1017.000000 0.000052
1018.000000 0.000002
1019.000000 0.000220
1020.000000 0.000353
1021.000000 0.000322
1022.000000 0.000205
1023.000000 0.000232
1024.000000 -0.000095
1025.000000 0.000009
1026.000000 -0.000145
1027.000000 -0.000181
1028.000000 -0.000968
1029.000000 -0.000872
1030.000000 0.000871
1031.000000 0.000660
1032.000000 0.000221
1033.000000 0.000069
1034.000000 0.000085
1035.000000 -0.000117
1036.000000 -0.000262
1037.000000 -0.000263
1038.000000 -0.000149
1039.000000 -0.000116
1040.000000 -0.000113
1041.000000 -0.000029
1042.000000 0.000166
1043.000000 -0.000243
1044.000000 0.000072
1045.000000 0.000297
1046.000000 -0.000221
1047.000000 0.000056
1048.000000 0.000157
1049.000000 -0.000084
1050.000000 0.000189
1051.000000 -0.000090
1052.000000 -0.000298
1053.000000 0.000216
1054.000000 0.000089
1055.000000 -0.000003
1056.000000 0.000072
1057.000000 0.000250
1058.000000 0.000057
1059.000000 -0.000145
1060.000000 -0.000139
1061.000000 0.000169
1062.000000 0.000028
1063.000000 -0.000052
1064.000000 -0.000169
1065.000000 0.000157
1066.000000 -0.000230
1067.000000 -0.000177
1068.000000 -0.000186
1069.000000 -0.000154
1070.000000 0.000122
1071.000000 0.000136
1072.000000 0.000096
1073.000000 0.000099
1074.000000 -0.000048
1075.000000 -0.000056
1076.000000 -0.000213
1077.000000 0.000124
1078.000000 -0.000067
1079.000000 0.000206
1080.000000 -0.000374
1081.000000 -0.000067
1082.000000 -0.000070
1083.000000 -0.000127
1084.000000 -0.000006
1085.000000 0.000037
1086.000000 -0.000298
1087.000000 0.000111
1088.000000 0.000219
1089.000000 -0.000187
1090.000000 0.000210
1091.000000 -0.000299
1092.000000 0.000355
1093.000000 0.000441
1094.000000 -0.000028
1095.000000 -0.001008
1096.000000 -0.000212
1097.000000 0.000239
1098.000000 -0.000054
1099.000000 0.000299
1100.000000 -0.000147
1101.000000 0.000062
1102.000000 -0.000097
1103.000000 0.000289
1104.000000 0.000272
1105.000000 -0.000078
1106.000000 -0.000158
1107.000000 0.000154
1108.000000 -0.000156
1109.000000 0.000013
1110.000000 -0.000060
1111.000000 0.000196
1112.000000 0.000302
1113.000000 0.000186
1114.000000 -0.000070
1115.000000 0.000081
1116.000000 -0.000093
1117.000000 0.000386
1118.000000 -0.000372
1119.000000 -0.000194
1120.000000 0.000160
1121.000000 -0.000262
1122.000000 -0.000246
1123.000000 -0.000209
1124.000000 0.000375
1125.000000 0.000201
1126.000000 0.001145
1127.000000 0.000164
1128.000000 0.000151
1129.000000 -0.000357
1130.000000 0.000119
1131.000000 -0.000194
1132.000000 0.000149
1133.000000 0.000112
1134.000000 0.000032
1135.000000 0.000204
1136.000000 -0.000196
1137.000000 -0.000151
1138.000000 0.000179
1139.000000 -0.000526
1140.000000 -0.000201
1141.000000 -0.000211
1142.000000 -0.000102
1143.000000 0.000121
1144.000000 0.000160
1145.000000 0.000399
1146.000000 0.000153
1147.000000 0.000137
1148.000000 0.000269
1149.000000 0.000019
1150.000000 -0.000521
1151.000000 -0.000119
1152.000000 -0.000023
1153.000000 0.000149
1154.000000 0.000036
1155.000000 -0.000091
1156.000000 0.000320
1157.000000 0.000433
1158.000000 -0.000848
1159.000000 -0.000812
1160.000000 0.000142
1161.000000 0.000351
1162.000000 0.000305
1163.000000 -0.000240
1164.000000 -0.000071
1165.000000 0.000030
1166.000000 -0.000139
1167.000000 0.000094
1168.000000 -0.000003
1169.000000 -0.000152
1170.000000 -0.000053
1171.000000 -0.000241
1172.000000 -0.000178
1173.000000 -0.000023
1174.000000 0.000175
1175.000000 -0.000229
1176.000000 0.000100
1177.000000 0.000111
1178.000000 -0.000000
1179.000000 0.000310
1180.000000 -0.000116
1181.000000 0.000204
1182.000000 0.000272
1183.000000 0.000179
1184.000000 -0.000198
1185.000000 0.000288
1186.000000 0.000141
1187.000000 -0.000013
1188.000000 0.000015
1189.000000 -0.000134
1190.000000 -0.000317
1191.000000 -0.000199
1192.000000 -0.000040
1193.000000 0.000001
1194.000000 0.000190
1195.000000 0.000072
1196.000000 0.000361
1197.000000 0.000162
1198.000000 -0.000100
1199.000000 -0.000070
1200.000000 0.000033
1201.000000 0.000123
1202.000000 -0.000028
1203.000000 -0.000149
1204.000000 0.000016
1205.000000 0.000011
1206.000000 -0.000025
1207.000000 -0.000072
1208.000000 0.000234
1209.000000 -0.000096
1210.000000 -0.000024
1211.000000 -0.000032
1212.000000 0.000177
1213.000000 0.000058
1214.000000 0.000131
1215.000000 0.000000
1216.000000 -0.000066
1217.000000 0.000010
1218.000000 -0.000015
1219.000000 0.000059
1220.000000 0.000043
1221.000000 -0.000189
1222.000000 0.000037
1223.000000 -0.000325
1224.000000 0.000093
1225.000000 0.000192
1226.000000 0.000034
1227.000000 0.000016
1228.000000 0.000094
1229.000000 0.000051
1230.000000 -0.000254
1231.000000 -0.000096
1232.000000 -0.000142
1233.000000 0.000056
1234.000000 0.000033
1235.000000 -0.000084
1236.000000 -0.000166
1237.000000 0.000050
1238.000000 -0.000035
1239.000000 0.000121
1240.000000 0.000011
1241.000000 -0.000047
1242.000000 -0.000007
1243.000000 -0.000269
1244.000000 0.000117
1245.000000 -0.000031
1246.000000 -0.000083
1247.000000 0.000209
1248.000000 0.000012
1249.000000 0.000141
1250.000000 0.000066
1251.000000 0.000190
1252.000000 -0.000135
1253.000000 0.000164
1254.000000 0.000155
1255.000000 -0.000415
1256.000000 0.000223
1257.000000 -0.000183
1258.000000 -0.000199
1259.000000 0.000168
1260.000000 0.000091
1261.000000 0.000266
1262.000000 -0.000287
1263.000000 -0.000111
1264.000000 0.000159
1265.000000 0.000120
1266.000000 0.000028
1267.000000 0.000030
1268.000000 -0.000267
1269.000000 -0.000043
1270.000000 -0.000134
1271.000000 0.000058
1272.000000 -0.000165
1273.000000 0.000020
1274.000000 0.000079
1275.000000 0.000076
1276.000000 -0.000155
1277.000000 0.000123
1278.000000 0.000017
1279.000000 -0.000328
1280.000000 -0.000297
1281.000000 -0.000319
1282.000000 0.000057
1283.000000 -0.000231
1284.000000 0.000304
1285.000000 0.000710
1286.000000 0.000040
1287.000000 0.001044
1288.000000 -0.000547
1289.000000 -0.000370
1290.000000 0.000126
1291.000000 -0.000188
1292.000000 -0.000007
1293.000000 -0.000051
1294.000000 -0.000076
1295.000000 -0.000590
1296.000000 0.000020
1297.000000 -0.000203
1298.000000 -0.000074
1299.000000 0.000069
1300.000000 0.000150
1301.000000 0.000075
1302.000000 0.000347
1303.000000 0.000017
1304.000000 -0.000012
1305.000000 -0.000120
1306.000000 0.000096
1307.000000 -0.000125
1308.000000 0.000032
1309.000000 -0.000061
1310.000000 -0.000096
1311.000000 0.000064
1312.000000 0.000093
1313.000000 0.000063
1314.000000 0.000228
1315.000000 0.000029
1316.000000 -0.000201
1317.000000 -0.000181
1318.000000 0.000329
1319.000000 0.000842
1320.000000 0.000165
1321.000000 0.000044
1322.000000 0.000110
1323.000000 0.000080
1324.000000 0.000122
1325.000000 -0.000028
1326.000000 0.000070
1327.000000 -0.000118
1328.000000 -0.000016
1329.000000 0.000100
1330.000000 0.000095
1331.000000 -0.000466
1332.000000 -0.000082
1333.000000 -0.000070
1334.000000 0.000104
1335.000000 -0.000108
1336.000000 -0.000013
1337.000000 -0.000006
1338.000000 -0.000206
1339.000000 -0.000158
1340.000000 0.000009
1341.000000 0.000219
1342.000000 -0.000019
1343.000000 -0.000175
1344.000000 -0.000255
1345.000000 0.000055
1346.000000 -0.000260
1347.000000 -0.000073
1348.000000 -0.000241
1349.000000 -0.000060
1350.000000 0.000462
1351.000000 0.000092
1352.000000 0.000027
1353.000000 0.000127
1354.000000 0.000183
1355.000000 -0.000219
1356.000000 -0.000140
1357.000000 0.000190
1358.000000 -0.000027
1359.000000 0.000177
1360.000000 0.000104
1361.000000 0.000032
1362.000000 0.000510
1363.000000 -0.000207
1364.000000 0.000049
1365.000000 0.000193
1366.000000 0.000085
1367.000000 0.000032
1368.000000 -0.000440
1369.000000 0.000027
1370.000000 0.000128
1371.000000 -0.000251
1372.000000 -0.000245
1373.000000 0.000169
1374.000000 -0.000340
1375.000000 -0.000102
1376.000000 0.000121
1377.000000 -0.000062
1378.000000 0.000028
1379.000000 0.000087
1380.000000 0.000120
1381.000000 0.000135
1382.000000 -0.000032
1383.000000 0.000077
1384.000000 -0.000001
1385.000000 0.000103
1386.000000 0.000015
1387.000000 -0.000096
1388.000000 0.000248
1389.000000 -0.000088
1390.000000 -0.000070
1391.000000 -0.000093
1392.000000 -0.000066
1393.000000 0.000037
1394.000000 0.000012
1395.000000 -0.000188
1396.000000 0.000214
1397.000000 -0.000316
1398.000000 0.000062
1399.000000 0.000183
1400.000000 0.000331
1401.000000 0.000256
1402.000000 -0.000292
1403.000000 0.000029
1404.000000 -0.000131
1405.000000 0.000624
1406.000000 0.000101
1407.000000 0.000173
1408.000000 -0.000192
1409.000000 -0.000270
1410.000000 0.000280
1411.000000 -0.000062
1412.000000 -0.000184
1413.000000 0.000256
1414.000000 0.000352
1415.000000 -0.000149
1416.000000 -0.001223
1417.000000 -0.000081
1418.000000 0.000137
1419.000000 -0.000328
1420.000000 -0.000374
1421.000000 0.000247
1422.000000 0.000109
1423.000000 0.000092
1424.000000 0.000191
1425.000000 -0.000058
1426.000000 0.000287
1427.000000 0.000106
1428.000000 -0.000313
1429.000000 0.000182
1430.000000 0.000155
1431.000000 0.000072
1432.000000 -0.000022
1433.000000 -0.000052
1434.000000 0.000163
1435.000000 0.000171
1436.000000 0.000204
1437.000000 0.000303
1438.000000 0.000087
1439.000000 0.000127
1440.000000 -0.000002
1441.000000 -0.000314
1442.000000 0.000094
1443.000000 -0.000064
1444.000000 -0.000201
1445.000000 0.000336
1446.000000 0.000074
1447.000000 0.000102
1448.000000 -0.000141
1449.000000 -0.000087
1450.000000 0.000260
1451.000000 -0.000222
1452.000000 -0.000191
1453.000000 0.000110
1454.000000 -0.000057
1455.000000 0.000055
1456.000000 0.000006
1457.000000 -0.000187
1458.000000 -0.000201
1459.000000 0.000035
1460.000000 0.000054
1461.000000 -0.000056
1462.000000 -0.000075
1463.000000 0.000042
1464.000000 -0.000169
1465.000000 0.000102
1466.000000 0.000121
1467.000000 0.000067
1468.000000 -0.000082
1469.000000 0.000227
1470.000000 0.000031
1471.000000 0.000182
1472.000000 -0.000083
1473.000000 0.000062
1474.000000 0.000201
1475.000000 -0.000036
1476.000000 -0.000089
1477.000000 -0.000175
1478.000000 -0.000017
1479.000000 0.000097
1480.000000 -0.000095
1481.000000 0.000054
1482.000000 0.000093
1483.000000 0.000090
1484.000000 -0.000297
1485.000000 0.000122
1486.000000 0.000109
1487.000000 -0.000030
1488.000000 0.000020
1489.000000 0.000289
1490.000000 -0.000109
1491.000000 0.000283
1492.000000 0.000195
1493.000000 0.000008
1494.000000 -0.000139
1495.000000 0.000001
1496.000000 -0.000114
1497.000000 0.000008
1498.000000 -0.000145
1499.000000 -0.000028
1500.000000 -0.000240
1501.000000 -0.000373
1502.000000 0.000306
1503.000000 0.000218
1504.000000 -0.000168
1505.000000 -0.000016
1506.000000 0.000149
1507.000000 0.000091
1508.000000 0.000054
1509.000000 0.000010
1510.000000 0.000475
1511.000000 0.000032
1512.000000 0.000259
1513.000000 -0.000151
1514.000000 0.000193
1515.000000 -0.000138
1516.000000 -0.000068
1517.000000 0.000079
1518.000000 -0.000185
1519.000000 0.000283
1520.000000 0.000016
1521.000000 0.000122
1522.000000 -0.000004
1523.000000 -0.000166
1524.000000 -0.000353
1525.000000 0.000216
1526.000000 0.000069
1527.000000 0.000211
1528.000000 -0.000270
1529.000000 -0.000127
1530.000000 -0.000163
1531.000000 -0.000002
1532.000000 -0.000054
1533.000000 -0.000037
1534.000000 0.000114
1535.000000 -0.000023
1536.000000 -0.000174
1537.000000 0.000045
1538.000000 -0.000129
1539.000000 0.000202
1540.000000 0.000434
1541.000000 0.000518
1542.000000 -0.000066
1543.000000 -0.000441
1544.000000 -0.000790
1545.000000 0.000008
1546.000000 -0.000654
1547.000000 -0.000361
1548.000000 -0.000253
1549.000000 -0.000109
1550.000000 0.000134
1551.000000 0.000456
1552.000000 0.000400
1553.000000 0.000429
1554.000000 0.000182
1555.000000 0.000022
1556.000000 -0.000244
1557.000000 0.000164
1558.000000 -0.000116
1559.000000 0.000096
1560.000000 -0.000029
1561.000000 -0.000171
1562.000000 -0.000165
1563.000000 0.000161
1564.000000 0.000178
1565.000000 -0.000170
1566.000000 -0.000077
1567.000000 0.000126
1568.000000 0.000101
1569.000000 -0.000212
1570.000000 -0.000010
1571.000000 -0.000281
1572.000000 0.000037
1573.000000 0.000175
1574.000000 -0.000066
1575.000000 -0.000043
1576.000000 0.000037
1577.000000 0.000046
1578.000000 -0.000188
1579.000000 0.000012
1580.000000 0.000010
1581.000000 -0.000133
1582.000000 0.000068
1583.000000 0.000181
1584.000000 -0.000153
1585.000000 -0.000163
1586.000000 0.000208
1587.000000 0.000003
1588.000000 0.000121
1589.000000 0.000033
1590.000000 0.000040
1591.000000 0.000045
1592.000000 -0.000074
1593.000000 0.000025
1594.000000 -0.000077
1595.000000 0.000063
1596.000000 -0.000108
1597.000000 0.000030
1598.000000 -0.000045
1599.000000 0.000117
1600.000000 -0.000053
1601.000000 0.000051
1602.000000 0.000210
1603.000000 0.000051
1604.000000 -0.000099
1605.000000 0.000071
1606.000000 -0.000144
1607.000000 0.000068
1608.000000 0.000246
1609.000000 -0.000373
1610.000000 -0.000008
1611.000000 0.000118
1612.000000 -0.000257
1613.000000 -0.000095
1614.000000 -0.000311
1615.000000 0.000377
1616.000000 0.000105
1617.000000 -0.000025
1618.000000 -0.000011
1619.000000 -0.000086
1620.000000 0.000174
1621.000000 -0.000133
1622.000000 -0.000027
1623.000000 0.000352
1624.000000 -0.000326
1625.000000 0.000075
1626.000000 -0.000146
1627.000000 -0.000145
1628.000000 -0.000061
1629.000000 -0.000240
1630.000000 0.000098
1631.000000 -0.000062
1632.000000 0.000074
1633.000000 0.000064
1634.000000 0.000142
1635.000000 0.000278
1636.000000 -0.000323
1637.000000 -0.000011
1638.000000 0.000410
1639.000000 0.000076
1640.000000 0.000132
1641.000000 -0.000092
1642.000000 0.000183
1643.000000 -0.000085
1644.000000 0.000021
1645.000000 -0.000005
1646.000000 0.000002
1647.000000 -0.000105
1648.000000 -0.000341
1649.000000 0.000437
1650.000000 0.000067
1651.000000 -0.000043
1652.000000 -0.000055
1653.000000 0.000037
1654.000000 -0.000022
1655.000000 -0.000215
1656.000000 0.000028
1657.000000 -0.000008
1658.000000 0.000006
1659.000000 -0.000091
1660.000000 0.000045
1661.000000 -0.000120
1662.000000 0.000127
1663.000000 0.000064
1664.000000 0.000204
1665.000000 -0.000128
1666.000000 0.000042
1667.000000 0.000035
1668.000000 -0.000052
1669.000000 -0.000247
1670.000000 -0.000219
1671.000000 -0.000109
1672.000000 -0.000296
1673.000000 0.000824
1674.000000 0.000368
1675.000000 -0.000162
1676.000000 0.000017
1677.000000 -0.000067
1678.000000 -0.000205
1679.000000 -0.000058
1680.000000 -0.000075
1681.000000 0.000073
1682.000000 0.000192
1683.000000 -0.000039
1684.000000 -0.000003
1685.000000 -0.000071
1686.000000 0.000100
1687.000000 0.000059
1688.000000 0.000073
1689.000000 0.000010
1690.000000 0.000074
1691.000000 0.000039
1692.000000 0.000011
1693.000000 -0.000062
1694.000000 -0.000039
1695.000000 -0.000028
1696.000000 0.000013
1697.000000 0.000069
1698.000000 -0.000126
1699.000000 0.000063
1700.000000 -0.000141
1701.000000 0.000051
1702.000000 0.000078
1703.000000 0.000114
1704.000000 -0.000117
1705.000000 0.000101
1706.000000 0.000007
1707.000000 0.000030
1708.000000 0.000043
1709.000000 0.000052
1710.000000 -0.000066
1711.000000 -0.000040
1712.000000 -0.000038
1713.000000 -0.000072
1714.000000 0.000028
1715.000000 -0.000101
1716.000000 -0.000123
1717.000000 -0.000018
1718.000000 0.000009
1719.000000 -0.000033
1720.000000 0.000011
1721.000000 -0.000238
1722.000000 -0.000036
1723.000000 0.000091
1724.000000 -0.000142
1725.000000 -0.000117
1726.000000 -0.000032
1727.000000 0.000122
1728.000000 -0.000237
1729.000000 -0.000016
1730.000000 -0.000089
1731.000000 -0.000054
1732.000000 -0.000109
1733.000000 0.000208
1734.000000 0.000202
1735.000000 0.000077
1736.000000 0.000027
1737.000000 -0.000575
1738.000000 -0.000187
1739.000000 0.000084
1740.000000 0.000005
1741.000000 -0.000047
1742.000000 -0.000080
1743.000000 0.000047
1744.000000 0.000042
1745.000000 0.000056
1746.000000 -0.000066
1747.000000 -0.000153
1748.000000 -0.000061
1749.000000 0.000062
1750.000000 0.000075
1751.000000 -0.000016
1752.000000 -0.000094
1753.000000 0.000126
1754.000000 -0.000019
1755.000000 0.000028
1756.000000 -0.000030
1757.000000 -0.000089
1758.000000 0.000081
1759.000000 -0.000186
1760.000000 0.000081
1761.000000 0.000028
1762.000000 0.000083
1763.000000 0.000100
1764.000000 0.000024
1765.000000 -0.000064
1766.000000 -0.000051
1767.000000 0.000090
1768.000000 0.000024
1769.000000 0.000099
1770.000000 -0.000054
1771.000000 -0.000098
1772.000000 -0.000098
1773.000000 -0.000064
1774.000000 0.000033
1775.000000 -0.000209
1776.000000 -0.000025
1777.000000 -0.000201
1778.000000 -0.000068
1779.000000 0.000150
1780.000000 -0.000010
1781.000000 0.000138
1782.000000 -0.000132
1783.000000 -0.000035
1784.000000 0.000118
1785.000000 -0.000020
1786.000000 0.000103
1787.000000 0.000188
1788.000000 -0.000038
1789.000000 -0.000089
1790.000000 0.000133
1791.000000 -0.000023
1792.000000 0.000091
1793.000000 -0.000117
1794.000000 0.000233
1795.000000 0.000063
1796.000000 0.000019
1797.000000 0.000010
1798.000000 0.000113
1799.000000 0.000160
1800.000000 -0.000275
1801.000000 -0.000836
1802.000000 0.000575
1803.000000 -0.000014
1804.000000 0.000019
1805.000000 -0.000027
1806.000000 0.000131
1807.000000 0.000114
1808.000000 0.000042
1809.000000 0.000153
1810.000000 0.000104
1811.000000 0.000127
1812.000000 0.000148
1813.000000 0.000073
1814.000000 -0.000052
1815.000000 0.000074
1816.000000 0.000036
1817.000000 -0.000144
1818.000000 -0.000112
1819.000000 -0.000107
1820.000000 0.000021
1821.000000 0.000033
1822.000000 0.000025
1823.000000 0.000163
1824.000000 -0.000178
1825.000000 -0.000221
1826.000000 0.000099
1827.000000 0.000164
1828.000000 0.000126
1829.000000 -0.000075
1830.000000 0.000008
1831.000000 0.000223
1832.000000 -0.000189
1833.000000 -0.000150
1834.000000 -0.000044
1835.000000 0.000018
1836.000000 0.000101
1837.000000 0.000042
1838.000000 0.000219
1839.000000 0.000031
1840.000000 0.000078
1841.000000 0.000106
1842.000000 -0.000078
1843.000000 0.000056
1844.000000 -0.000117
1845.000000 -0.000047
1846.000000 -0.000110
1847.000000 -0.000053
1848.000000 -0.000023
1849.000000 0.000009
1850.000000 -0.000106
1851.000000 -0.000054
1852.000000 0.000097
1853.000000 0.000007
1854.000000 0.000029
1855.000000 -0.000100
1856.000000 0.000049
1857.000000 0.000058
1858.000000 -0.000092
1859.000000 -0.000038
1860.000000 0.000065
1861.000000 0.000014
1862.000000 -0.000170
1863.000000 -0.000133
1864.000000 -0.000227
1865.000000 0.000283
1866.000000 0.000474
1867.000000 -0.000233
1868.000000 -0.000028
1869.000000 -0.000161
1870.000000 0.000140
1871.000000 0.000241
1872.000000 -0.000005
1873.000000 0.000042
1874.000000 -0.000045
1875.000000 -0.000106
1876.000000 0.000029
1877.000000 0.000004
1878.000000 0.000081
1879.000000 -0.000006
1880.000000 0.000080
1881.000000 -0.000082
1882.000000 0.000248
1883.000000 -0.000093
1884.000000 -0.000111
1885.000000 -0.000104
1886.000000 0.000051
1887.000000 0.000288
1888.000000 0.000030
1889.000000 0.000059
1890.000000 0.000135
1891.000000 -0.000009
1892.000000 -0.000069
1893.000000 -0.000046
1894.000000 -0.000075
1895.000000 -0.000029
1896.000000 0.000043
1897.000000 0.000058
1898.000000 -0.000266
1899.000000 0.000066
1900.000000 -0.000021
1901.000000 -0.000001
1902.000000 0.000061
1903.000000 -0.000099
1904.000000 -0.000052
1905.000000 0.000116
1906.000000 0.000074
1907.000000 0.000016
1908.000000 0.000040
1909.000000 -0.000266
1910.000000 0.000163
1911.000000 0.000182
1912.000000 0.000004
1913.000000 0.000192
1914.000000 -0.000445
1915.000000 0.000186
1916.000000 0.000069
1917.000000 -0.000039
1918.000000 -0.000130
1919.000000 0.000039
1920.000000 0.000061
1921.000000 -0.000011
1922.000000 -0.000016
1923.000000 0.000031
1924.000000 -0.000105
1925.000000 0.000059
1926.000000 -0.000013
1927.000000 0.000082
1928.000000 0.000065
1929.000000 0.000146
1930.000000 -0.000260
1931.000000 -0.000096
1932.000000 -0.000219
1933.000000 0.000041
1934.000000 0.000030
1935.000000 -0.000145
1936.000000 0.000017
1937.000000 0.000079
1938.000000 -0.000007
1939.000000 -0.000007
1940.000000 0.000000
1941.000000 -0.000022
1942.000000 -0.000123
1943.000000 -0.000024
1944.000000 0.000023
1945.000000 -0.000064
1946.000000 0.000190
1947.000000 0.000143
1948.000000 0.000074
1949.000000 -0.000003
1950.000000 -0.000089
1951.000000 0.000019
1952.000000 -0.000005
1953.000000 0.000041
1954.000000 0.000051
1955.000000 -0.000020
1956.000000 0.000015
1957.000000 -0.000132
1958.000000 0.000069
1959.000000 -0.000020
1960.000000 -0.000016
1961.000000 -0.000096
1962.000000 -0.000185
1963.000000 -0.000123
1964.000000 -0.000021
1965.000000 0.000072
1966.000000 0.000057
1967.000000 0.000061
1968.000000 0.000099
1969.000000 0.000015
1970.000000 0.000030
1971.000000 -0.000077
1972.000000 0.000054
1973.000000 -0.000102
1974.000000 -0.000073
1975.000000 -0.000063
1976.000000 -0.000022
1977.000000 -0.000006
1978.000000 -0.000168
1979.000000 -0.000053
1980.000000 -0.000103
1981.000000 -0.000082
1982.000000 -0.000043
1983.000000 0.000001
1984.000000 0.000087
1985.000000 0.000009
1986.000000 -0.000020
1987.000000 0.000059
1988.000000 0.000008
1989.000000 0.000041
1990.000000 -0.000158
1991.000000 0.000040
1992.000000 0.000113
1993.000000 -0.000097
1994.000000 0.000177
1995.000000 -0.000070
1996.000000 -0.000173
1997.000000 -0.000090
1998.000000 -0.000138
1999.000000 -0.000042
