1.000000 1.397013 2.205834 0.486216 2.929755 2.454784 3.507966
2.000000 1.279452 2.201234 0.524498 2.500392 1.986240 1.874152
3.000000 1.132566 2.096344 0.481451 2.051904 1.399776 1.132586
4.000000 0.977609 1.914758 0.398459 1.630965 0.952212 0.697268
5.000000 0.829203 1.688674 0.307609 1.274260 0.630909 0.443742
6.000000 0.695209 1.449648 0.223867 0.985987 0.406164 0.289257
7.000000 0.579184 1.221869 0.155307 0.762487 0.254715 0.193805
8.000000 0.481652 1.019070 0.103120 0.593337 0.155552 0.133298
9.000000 0.401354 0.846653 0.065419 0.466998 0.092167 0.093945
10.000000 0.336113 0.704535 0.039391 0.373141 0.052173 0.067750
11.000000 0.283468 0.589542 0.022045 0.303162 0.027348 0.049853
12.000000 0.241040 0.497315 0.010849 0.250471 0.012115 0.037337
13.000000 0.206737 0.423418 0.003833 0.210201 0.002910 0.028390
14.000000 0.178817 0.363924 -0.000424 0.178875 -0.002536 0.021869
15.000000 0.155891 0.315606 -0.002902 0.154049 -0.005646 0.017034
16.000000 0.136875 0.275937 -0.004254 0.134014 -0.007304 0.013397
17.000000 0.120941 0.242990 -0.004904 0.117576 -0.008062 0.010626
18.000000 0.107457 0.215314 -0.005122 0.103891 -0.008266 0.008492
19.000000 0.095942 0.191824 -0.005082 0.092355 -0.008134 0.006832
20.000000 0.086029 0.171699 -0.004889 0.082525 -0.007803 0.005529
21.000000 0.077432 0.154315 -0.004613 0.074074 -0.007362 0.004500
22.000000 0.069929 0.139193 -0.004296 0.066750 -0.006867 0.003681
23.000000 0.063344 0.125955 -0.003964 0.060361 -0.006354 0.003025
24.000000 0.057536 0.114304 -0.003633 0.054754 -0.005845 0.002497
25.000000 0.052391 0.104000 -0.003313 0.049807 -0.005355 0.002070
26.000000 0.047813 0.094848 -0.003011 0.045421 -0.004891 0.001722
27.000000 0.043726 0.086687 -0.002728 0.041515 -0.004458 0.001438
28.000000 0.040065 0.079385 -0.002467 0.038024 -0.004058 0.001205
29.000000 0.036776 0.072830 -0.002228 0.034892 -0.003690 0.001012
30.000000 0.033812 0.066929 -0.002009 0.032073 -0.003354 0.000853
31.000000 0.031135 0.061601 -0.001811 0.029528 -0.003047 0.000721
32.000000 0.028710 0.056780 -0.001631 0.027223 -0.002768 0.000611
33.000000 0.026510 0.052407 -0.001469 0.025131 -0.002515 0.000519
34.000000 0.024508 0.048431 -0.001323 0.023228 -0.002285 0.000442
35.000000 0.022685 0.044810 -0.001191 0.021493 -0.002076 0.000377
36.000000 0.021019 0.041505 -0.001073 0.019908 -0.001887 0.000323
37.000000 0.019497 0.038484 -0.000966 0.018459 -0.001715 0.000277
38.000000 0.018101 0.035718 -0.000871 0.017131 -0.001559 0.000237
39.000000 0.016822 0.033180 -0.000785 0.015912 -0.001417 0.000204
40.000000 0.015645 0.030849 -0.000708 0.014793 -0.001288 0.000176
41.000000 0.014563 0.028706 -0.000638 0.013764 -0.001172 0.000152
42.000000 0.013566 0.026731 -0.000576 0.012816 -0.001066 0.000131
43.000000 0.012647 0.024910 -0.000519 0.011943 -0.000969 0.000113
44.000000 0.011797 0.023228 -0.000469 0.011138 -0.000882 0.000098
45.000000 0.011012 0.021673 -0.000423 0.010394 -0.000803 0.000085
46.000000 0.010284 0.020234 -0.000382 0.009707 -0.000731 0.000074
47.000000 0.009611 0.018900 -0.000345 0.009071 -0.000665 0.000064
48.000000 0.008986 0.017663 -0.000312 0.008482 -0.000606 0.000056
49.000000 0.008405 0.016514 -0.000282 0.007936 -0.000553 0.000049
50.000000 0.007866 0.015447 -0.000255 0.007429 -0.000505 0.000043
51.000000 0.007364 0.014453 -0.000231 0.006958 -0.000461 0.000037
52.000000 0.006896 0.013528 -0.000209 0.006519 -0.000421 0.000033
53.000000 0.006461 0.012666 -0.000189 0.006111 -0.000385 0.000029
54.000000 0.006054 0.011862 -0.000171 0.005730 -0.000353 0.000025
55.000000 0.005675 0.011111 -0.000155 0.005374 -0.000324 0.000022
56.000000 0.005320 0.010410 -0.000140 0.005041 -0.000297 0.000019
57.000000 0.004989 0.009754 -0.000126 0.004730 -0.000273 0.000017
58.000000 0.004679 0.009140 -0.000114 0.004438 -0.000251 0.000015
59.000000 0.004388 0.008566 -0.000102 0.004163 -0.000231 0.000013
60.000000 0.004115 0.008027 -0.000091 0.003906 -0.000213 0.000012
61.000000 0.003860 0.007522 -0.000081 0.003664 -0.000197 0.000010
62.000000 0.003620 0.007048 -0.000072 0.003436 -0.000182 0.000009
63.000000 0.003394 0.006603 -0.000063 0.003222 -0.000168 0.000008
64.000000 0.003182 0.006185 -0.000055 0.003020 -0.000155 0.000007
65.000000 0.002983 0.005793 -0.000048 0.002830 -0.000143 0.000006
66.000000 0.002796 0.005425 -0.000041 0.002651 -0.000132 0.000006
67.000000 0.002620 0.005078 -0.000035 0.002484 -0.000122 0.000005
68.000000 0.002455 0.004754 -0.000030 0.002326 -0.000112 0.000004
69.000000 0.002300 0.004449 -0.000026 0.002178 -0.000103 0.000004
70.000000 0.002154 0.004165 -0.000022 0.002040 -0.000095 0.000003
71.000000 0.002019 0.003899 -0.000019 0.001911 -0.000087 0.000003
72.000000 0.001892 0.003651 -0.000016 0.001791 -0.000079 0.000003
73.000000 0.001774 0.003422 -0.000014 0.001680 -0.000072 0.000002
74.000000 0.001666 0.003211 -0.000013 0.001578 -0.000065 0.000002
75.000000 0.001566 0.003017 -0.000011 0.001484 -0.000059 0.000002
76.000000 0.001475 0.002842 -0.000010 0.001399 -0.000053 0.000002
77.000000 0.001393 0.002684 -0.000008 0.001322 -0.000047 0.000002
78.000000 0.001320 0.002544 -0.000007 0.001253 -0.000041 0.000001
79.000000 0.001256 0.002422 -0.000005 0.001193 -0.000036 0.000001
80.000000 0.001201 0.002318 -0.000003 0.001140 -0.000032 0.000001
81.000000 0.001155 0.002232 -0.000001 0.001097 -0.000027 0.000001
82.000000 0.001118 0.002163 0.000001 0.001061 -0.000023 0.000001
83.000000 0.001089 0.002111 0.000003 0.001033 -0.000019 0.000001
84.000000 0.001069 0.002075 0.000006 0.001014 -0.000015 0.000001
85.000000 0.001056 0.002054 0.000008 0.001002 -0.000012 0.000001
86.000000 0.001052 0.002048 0.000011 0.000998 -0.000008 0.000001
87.000000 0.001054 0.002054 0.000013 0.001001 -0.000005 0.000001
88.000000 0.001062 0.002072 0.000015 0.001010 -0.000002 0.000001
89.000000 0.001075 0.002099 0.000018 0.001024 0.000000 0.000001
90.000000 0.001092 0.002133 0.000019 0.001044 0.000002 0.000001
91.000000 0.001113 0.002173 0.000021 0.001066 0.000004 0.000001
92.000000 0.001135 0.002215 0.000022 0.001091 0.000005 0.000001
93.000000 0.001159 0.002259 0.000023 0.001117 0.000006 0.000001
94.000000 0.001181 0.002300 0.000023 0.001143 0.000007 0.000001
95.000000 0.001203 0.002338 0.000023 0.001167 0.000007 0.000001
96.000000 0.001221 0.002370 0.000023 0.001187 0.000006 0.000001
97.000000 0.001235 0.002394 0.000022 0.001203 0.000005 0.000001
98.000000 0.001245 0.002409 0.000021 0.001214 0.000004 0.000001
99.000000 0.001249 0.002412 0.000019 0.001218 0.000003 0.000001
100.000000 0.001246 0.002404 0.000017 0.001215 0.000001 0.000001
101.000000 0.001237 0.002383 0.000015 0.001204 -0.000001 0.000001
102.000000 0.001221 0.002348 0.000013 0.001186 -0.000003 0.000001
103.000000 0.001198 0.002301 0.000011 0.001160 -0.000005 0.000001
104.000000 0.001167 0.002240 0.000008 0.001127 -0.000007 0.000001
105.000000 0.001130 0.002167 0.000006 0.001087 -0.000009 0.000001
106.000000 0.001087 0.002082 0.000003 0.001040 -0.000011 0.000001
107.000000 0.001038 0.001986 0.000001 0.000989 -0.000013 0.000001
108.000000 0.000984 0.001881 -0.000001 0.000932 -0.000014 0.000001
109.000000 0.000925 0.001769 -0.000003 0.000872 -0.000015 0.000001
110.000000 0.000863 0.001649 -0.000005 0.000810 -0.000016 0.000001
111.000000 0.000799 0.001525 -0.000006 0.000745 -0.000017 0.000001
112.000000 0.000732 0.001397 -0.000007 0.000680 -0.000017 0.000000
113.000000 0.000665 0.001267 -0.000008 0.000614 -0.000017 0.000000
114.000000 0.000597 0.001137 -0.000008 0.000549 -0.000017 0.000000
115.000000 0.000530 0.001007 -0.000009 0.000484 -0.000017 0.000000
116.000000 0.000464 0.000879 -0.000009 0.000420 -0.000017 0.000000
117.000000 0.000400 0.000755 -0.000009 0.000358 -0.000017 0.000000
118.000000 0.000338 0.000634 -0.000009 0.000298 -0.000016 0.000000
119.000000 0.000278 0.000518 -0.000009 0.000240 -0.000016 0.000000
120.000000 0.000222 0.000407 -0.000008 0.000184 -0.000015 0.000000
121.000000 0.000169 0.000302 -0.000008 0.000129 -0.000014 0.000000
122.000000 0.000119 0.000204 -0.000008 0.000077 -0.000014 0.000000
123.000000 0.000072 0.000111 -0.000008 0.000027 -0.000013 0.000000
124.000000 0.000029 0.000025 -0.000008 -0.000021 -0.000013 0.000000
125.000000 -0.000011 -0.000054 -0.000008 -0.000066 -0.000012 0.000000
126.000000 -0.000047 -0.000127 -0.000008 -0.000110 -0.000012 0.000000
127.000000 -0.000080 -0.000194 -0.000008 -0.000152 -0.000011 0.000000
128.000000 -0.000109 -0.000255 -0.000008 -0.000191 -0.000010 0.000000
129.000000 -0.000136 -0.000309 -0.000008 -0.000228 -0.000010 0.000000
130.000000 -0.000160 -0.000358 -0.000008 -0.000263 -0.000009 0.000000
131.000000 -0.000182 -0.000402 -0.000007 -0.000295 -0.000008 0.000000
132.000000 -0.000200 -0.000440 -0.000007 -0.000324 -0.000008 0.000000
133.000000 -0.000217 -0.000474 -0.000006 -0.000350 -0.000007 0.000000
134.000000 -0.000231 -0.000504 -0.000005 -0.000373 -0.000006 0.000000
135.000000 -0.000244 -0.000529 -0.000004 -0.000393 -0.000006 0.000000
136.000000 -0.000254 -0.000551 -0.000003 -0.000409 -0.000005 0.000000
137.000000 -0.000263 -0.000569 -0.000002 -0.000421 -0.000004 0.000000
138.000000 -0.000271 -0.000584 -0.000001 -0.000430 -0.000003 0.000000
139.000000 -0.000277 -0.000596 0.000000 -0.000435 -0.000002 0.000000
140.000000 -0.000282 -0.000606 0.000001 -0.000436 -0.000001 0.000000
141.000000 -0.000286 -0.000613 0.000002 -0.000434 -0.000001 0.000000
142.000000 -0.000290 -0.000618 0.000004 -0.000428 0.000000 0.000000
143.000000 -0.000292 -0.000622 0.000005 -0.000419 0.000001 0.000000
144.000000 -0.000293 -0.000623 0.000006 -0.000407 0.000002 0.000000
145.000000 -0.000294 -0.000623 0.000007 -0.000393 0.000002 0.000000
146.000000 -0.000294 -0.000622 0.000008 -0.000376 0.000003 0.000000
147.000000 -0.000294 -0.000620 0.000009 -0.000358 0.000003 0.000000
148.000000 -0.000293 -0.000617 0.000009 -0.000339 0.000003 0.000000
149.000000 -0.000291 -0.000613 0.000010 -0.000319 0.000003 0.000000
150.000000 -0.000290 -0.000608 0.000011 -0.000299 0.000003 0.000000
151.000000 -0.000288 -0.000602 0.000012 -0.000280 0.000003 0.000000
152.000000 -0.000286 -0.000596 0.000012 -0.000262 0.000003 0.000000
153.000000 -0.000283 -0.000590 0.000013 -0.000245 0.000003 0.000000
154.000000 -0.000280 -0.000583 0.000013 -0.000230 0.000003 0.000000
155.000000 -0.000277 -0.000577 0.000013 -0.000217 0.000002 0.000000
156.000000 -0.000274 -0.000570 0.000013 -0.000206 0.000002 0.000000
157.000000 -0.000271 -0.000564 0.000012 -0.000198 0.000002 0.000000
158.000000 -0.000268 -0.000557 0.000011 -0.000193 0.000001 0.000000
159.000000 -0.000264 -0.000551 0.000010 -0.000190 0.000001 0.000000
160.000000 -0.000261 -0.000545 0.000008 -0.000191 0.000000 0.000000
